  0.2227062E-05   0.9923172E-02   0.3992317E-01   0.3992317E-01   0.3992317E-01
  0.4482136E-05   0.9923172E-02   0.3992317E-01   0.3992317E-01   0.3992317E-01
  0.6765576E-05   0.9923172E-02   0.3992317E-01   0.3992317E-01   0.3992317E-01
  0.9077739E-05   0.9923172E-02   0.3992317E-01   0.3992317E-01   0.3992317E-01
  0.1141898E-04   0.9923172E-02   0.3992317E-01   0.3992317E-01   0.3992317E-01
  0.1378968E-04   0.9923172E-02   0.3992317E-01   0.3992317E-01   0.3992317E-01
  0.1619019E-04   0.9923172E-02   0.3992317E-01   0.3992317E-01   0.3992317E-01
  0.1862090E-04   0.9923172E-02   0.3992317E-01   0.3992317E-01   0.3992317E-01
  0.2108219E-04   0.9923172E-02   0.3992317E-01   0.3992317E-01   0.3992317E-01
  0.2357443E-04   0.9923172E-02   0.3992317E-01   0.3992317E-01   0.3992317E-01
  0.2609802E-04   0.9923172E-02   0.3992317E-01   0.3992317E-01   0.3992317E-01
  0.2865336E-04   0.9923172E-02   0.3992317E-01   0.3992317E-01   0.3992317E-01
  0.3124083E-04   0.9923172E-02   0.3992317E-01   0.3992317E-01   0.3992317E-01
  0.3386086E-04   0.9923172E-02   0.3992317E-01   0.3992317E-01   0.3992317E-01
  0.3651383E-04   0.9923172E-02   0.3992317E-01   0.3992317E-01   0.3992317E-01
  0.3920018E-04   0.9923172E-02   0.3992317E-01   0.3992317E-01   0.3992317E-01
  0.4192032E-04   0.9923172E-02   0.3992317E-01   0.3992317E-01   0.3992317E-01
  0.4467468E-04   0.9923172E-02   0.3992317E-01   0.3992317E-01   0.3992317E-01
  0.4746368E-04   0.9923172E-02   0.3992317E-01   0.3992317E-01   0.3992317E-01
  0.5028776E-04   0.9923172E-02   0.3992317E-01   0.3992317E-01   0.3992317E-01
  0.5314736E-04   0.9923172E-02   0.3992317E-01   0.3992317E-01   0.3992317E-01
  0.5604294E-04   0.9923172E-02   0.3992317E-01   0.3992317E-01   0.3992317E-01
  0.5897493E-04   0.9923173E-02   0.3992317E-01   0.3992317E-01   0.3992317E-01
  0.6194381E-04   0.9923173E-02   0.3992317E-01   0.3992317E-01   0.3992317E-01
  0.6495003E-04   0.9923173E-02   0.3992317E-01   0.3992317E-01   0.3992317E-01
  0.6799406E-04   0.9923173E-02   0.3992317E-01   0.3992317E-01   0.3992317E-01
  0.7107638E-04   0.9923173E-02   0.3992317E-01   0.3992317E-01   0.3992317E-01
  0.7419747E-04   0.9923173E-02   0.3992317E-01   0.3992317E-01   0.3992317E-01
  0.7735782E-04   0.9923173E-02   0.3992317E-01   0.3992317E-01   0.3992317E-01
  0.8055793E-04   0.9923173E-02   0.3992317E-01   0.3992317E-01   0.3992317E-01
  0.8379828E-04   0.9923173E-02   0.3992317E-01   0.3992317E-01   0.3992317E-01
  0.8707940E-04   0.9923173E-02   0.3992317E-01   0.3992317E-01   0.3992317E-01
  0.9040178E-04   0.9923173E-02   0.3992317E-01   0.3992317E-01   0.3992317E-01
  0.9376596E-04   0.9923173E-02   0.3992317E-01   0.3992317E-01   0.3992317E-01
  0.9717245E-04   0.9923173E-02   0.3992317E-01   0.3992317E-01   0.3992317E-01
  0.1006218E-03   0.9923173E-02   0.3992317E-01   0.3992317E-01   0.3992317E-01
  0.1041145E-03   0.9923173E-02   0.3992317E-01   0.3992317E-01   0.3992317E-01
  0.1076512E-03   0.9923173E-02   0.3992317E-01   0.3992317E-01   0.3992317E-01
  0.1112323E-03   0.9923173E-02   0.3992317E-01   0.3992317E-01   0.3992317E-01
  0.1148585E-03   0.9923173E-02   0.3992317E-01   0.3992317E-01   0.3992317E-01
  0.1185303E-03   0.9923173E-02   0.3992317E-01   0.3992317E-01   0.3992317E-01
  0.1222483E-03   0.9923173E-02   0.3992317E-01   0.3992317E-01   0.3992317E-01
  0.1260131E-03   0.9923173E-02   0.3992317E-01   0.3992317E-01   0.3992317E-01
  0.1298252E-03   0.9923173E-02   0.3992317E-01   0.3992317E-01   0.3992317E-01
  0.1336852E-03   0.9923173E-02   0.3992317E-01   0.3992317E-01   0.3992317E-01
  0.1375939E-03   0.9923173E-02   0.3992317E-01   0.3992317E-01   0.3992317E-01
  0.1415516E-03   0.9923173E-02   0.3992317E-01   0.3992317E-01   0.3992317E-01
  0.1455592E-03   0.9923173E-02   0.3992317E-01   0.3992317E-01   0.3992317E-01
  0.1496172E-03   0.9923173E-02   0.3992317E-01   0.3992317E-01   0.3992317E-01
  0.1537262E-03   0.9923173E-02   0.3992317E-01   0.3992317E-01   0.3992317E-01
  0.1578869E-03   0.9923173E-02   0.3992317E-01   0.3992317E-01   0.3992317E-01
  0.1620999E-03   0.9923173E-02   0.3992317E-01   0.3992317E-01   0.3992317E-01
  0.1663659E-03   0.9923173E-02   0.3992317E-01   0.3992317E-01   0.3992317E-01
  0.1706856E-03   0.9923173E-02   0.3992317E-01   0.3992317E-01   0.3992317E-01
  0.1750597E-03   0.9923173E-02   0.3992317E-01   0.3992317E-01   0.3992317E-01
  0.1794887E-03   0.9923173E-02   0.3992317E-01   0.3992317E-01   0.3992317E-01
  0.1839734E-03   0.9923173E-02   0.3992317E-01   0.3992317E-01   0.3992317E-01
  0.1885146E-03   0.9923173E-02   0.3992317E-01   0.3992317E-01   0.3992317E-01
  0.1931129E-03   0.9923173E-02   0.3992317E-01   0.3992317E-01   0.3992317E-01
  0.1977690E-03   0.9923173E-02   0.3992317E-01   0.3992317E-01   0.3992317E-01
  0.2024837E-03   0.9923173E-02   0.3992317E-01   0.3992317E-01   0.3992317E-01
  0.2072577E-03   0.9923173E-02   0.3992317E-01   0.3992317E-01   0.3992317E-01
  0.2120917E-03   0.9923174E-02   0.3992317E-01   0.3992317E-01   0.3992317E-01
  0.2169866E-03   0.9923174E-02   0.3992317E-01   0.3992317E-01   0.3992317E-01
  0.2219430E-03   0.9923174E-02   0.3992317E-01   0.3992317E-01   0.3992317E-01
  0.2269618E-03   0.9923174E-02   0.3992317E-01   0.3992317E-01   0.3992317E-01
  0.2320437E-03   0.9923174E-02   0.3992317E-01   0.3992317E-01   0.3992317E-01
  0.2371895E-03   0.9923175E-02   0.3992317E-01   0.3992317E-01   0.3992317E-01
  0.2424000E-03   0.9923175E-02   0.3992317E-01   0.3992317E-01   0.3992317E-01
  0.2476761E-03   0.9923175E-02   0.3992317E-01   0.3992317E-01   0.3992317E-01
  0.2530185E-03   0.9923175E-02   0.3992317E-01   0.3992317E-01   0.3992317E-01
  0.2584282E-03   0.9923175E-02   0.3992317E-01   0.3992317E-01   0.3992317E-01
  0.2639059E-03   0.9923175E-02   0.3992317E-01   0.3992317E-01   0.3992317E-01
  0.2694524E-03   0.9923175E-02   0.3992317E-01   0.3992317E-01   0.3992317E-01
  0.2750688E-03   0.9923175E-02   0.3992317E-01   0.3992317E-01   0.3992317E-01
  0.2807558E-03   0.9923175E-02   0.3992317E-01   0.3992317E-01   0.3992317E-01
  0.2865143E-03   0.9923175E-02   0.3992317E-01   0.3992317E-01   0.3992317E-01
  0.2923453E-03   0.9923175E-02   0.3992317E-01   0.3992317E-01   0.3992317E-01
  0.2982496E-03   0.9923175E-02   0.3992317E-01   0.3992317E-01   0.3992317E-01
  0.3042282E-03   0.9923175E-02   0.3992317E-01   0.3992317E-01   0.3992317E-01
  0.3102820E-03   0.9923176E-02   0.3992317E-01   0.3992317E-01   0.3992317E-01
  0.3164119E-03   0.9923176E-02   0.3992317E-01   0.3992317E-01   0.3992317E-01
  0.3226189E-03   0.9923176E-02   0.3992317E-01   0.3992317E-01   0.3992317E-01
  0.3289040E-03   0.9923176E-02   0.3992317E-01   0.3992317E-01   0.3992317E-01
  0.3352682E-03   0.9923177E-02   0.3992317E-01   0.3992317E-01   0.3992317E-01
  0.3417124E-03   0.9923177E-02   0.3992317E-01   0.3992317E-01   0.3992317E-01
  0.3482377E-03   0.9923177E-02   0.3992317E-01   0.3992317E-01   0.3992317E-01
  0.3548451E-03   0.9923177E-02   0.3992317E-01   0.3992317E-01   0.3992317E-01
  0.3615355E-03   0.9923177E-02   0.3992317E-01   0.3992317E-01   0.3992317E-01
  0.3683101E-03   0.9923177E-02   0.3992317E-01   0.3992317E-01   0.3992317E-01
  0.3751700E-03   0.9923177E-02   0.3992317E-01   0.3992317E-01   0.3992317E-01
  0.3821161E-03   0.9923178E-02   0.3992317E-01   0.3992317E-01   0.3992317E-01
  0.3891496E-03   0.9923178E-02   0.3992317E-01   0.3992317E-01   0.3992317E-01
  0.3962715E-03   0.9923178E-02   0.3992317E-01   0.3992317E-01   0.3992317E-01
  0.4034831E-03   0.9923178E-02   0.3992317E-01   0.3992317E-01   0.3992317E-01
  0.4107854E-03   0.9923179E-02   0.3992318E-01   0.3992317E-01   0.3992318E-01
  0.4181795E-03   0.9923179E-02   0.3992318E-01   0.3992317E-01   0.3992318E-01
  0.4256666E-03   0.9923179E-02   0.3992318E-01   0.3992317E-01   0.3992318E-01
  0.4332479E-03   0.9923179E-02   0.3992318E-01   0.3992317E-01   0.3992318E-01
  0.4409245E-03   0.9923179E-02   0.3992318E-01   0.3992317E-01   0.3992318E-01
  0.4486977E-03   0.9923180E-02   0.3992318E-01   0.3992317E-01   0.3992318E-01
  0.4565687E-03   0.9923180E-02   0.3992318E-01   0.3992317E-01   0.3992318E-01
  0.4645387E-03   0.9923180E-02   0.3992318E-01   0.3992317E-01   0.3992318E-01
  0.4726089E-03   0.9923180E-02   0.3992318E-01   0.3992317E-01   0.3992318E-01
  0.4807807E-03   0.9923181E-02   0.3992318E-01   0.3992317E-01   0.3992318E-01
  0.4890552E-03   0.9923181E-02   0.3992318E-01   0.3992317E-01   0.3992318E-01
  0.4974338E-03   0.9923182E-02   0.3992318E-01   0.3992317E-01   0.3992318E-01
  0.5059178E-03   0.9923182E-02   0.3992318E-01   0.3992317E-01   0.3992318E-01
  0.5145086E-03   0.9923182E-02   0.3992318E-01   0.3992317E-01   0.3992318E-01
  0.5232074E-03   0.9923182E-02   0.3992318E-01   0.3992317E-01   0.3992318E-01
  0.5320156E-03   0.9923183E-02   0.3992318E-01   0.3992317E-01   0.3992318E-01
  0.5409345E-03   0.9923183E-02   0.3992318E-01   0.3992317E-01   0.3992318E-01
  0.5499657E-03   0.9923184E-02   0.3992318E-01   0.3992317E-01   0.3992318E-01
  0.5591105E-03   0.9923184E-02   0.3992318E-01   0.3992317E-01   0.3992318E-01
  0.5683703E-03   0.9923184E-02   0.3992318E-01   0.3992317E-01   0.3992318E-01
  0.5777466E-03   0.9923184E-02   0.3992318E-01   0.3992317E-01   0.3992318E-01
  0.5872408E-03   0.9923186E-02   0.3992318E-01   0.3992317E-01   0.3992318E-01
  0.5968545E-03   0.9923186E-02   0.3992318E-01   0.3992317E-01   0.3992318E-01
  0.6065890E-03   0.9923186E-02   0.3992318E-01   0.3992317E-01   0.3992318E-01
  0.6164460E-03   0.9923186E-02   0.3992318E-01   0.3992317E-01   0.3992318E-01
  0.6264270E-03   0.9923187E-02   0.3992318E-01   0.3992317E-01   0.3992318E-01
  0.6365336E-03   0.9923188E-02   0.3992318E-01   0.3992317E-01   0.3992318E-01
  0.6467672E-03   0.9923188E-02   0.3992318E-01   0.3992317E-01   0.3992318E-01
  0.6571296E-03   0.9923188E-02   0.3992318E-01   0.3992317E-01   0.3992318E-01
  0.6676224E-03   0.9923189E-02   0.3992318E-01   0.3992317E-01   0.3992318E-01
  0.6782471E-03   0.9923190E-02   0.3992318E-01   0.3992317E-01   0.3992318E-01
  0.6890054E-03   0.9923190E-02   0.3992318E-01   0.3992317E-01   0.3992318E-01
  0.6998991E-03   0.9923191E-02   0.3992318E-01   0.3992317E-01   0.3992318E-01
  0.7109298E-03   0.9923191E-02   0.3992318E-01   0.3992317E-01   0.3992318E-01
  0.7220993E-03   0.9923192E-02   0.3992318E-01   0.3992317E-01   0.3992318E-01
  0.7334092E-03   0.9923193E-02   0.3992318E-01   0.3992317E-01   0.3992318E-01
  0.7448615E-03   0.9923193E-02   0.3992318E-01   0.3992317E-01   0.3992318E-01
  0.7564577E-03   0.9923194E-02   0.3992318E-01   0.3992317E-01   0.3992318E-01
  0.7681998E-03   0.9923195E-02   0.3992318E-01   0.3992317E-01   0.3992318E-01
  0.7800897E-03   0.9923195E-02   0.3992318E-01   0.3992317E-01   0.3992318E-01
  0.7921291E-03   0.9923196E-02   0.3992318E-01   0.3992317E-01   0.3992318E-01
  0.8043199E-03   0.9923197E-02   0.3992318E-01   0.3992317E-01   0.3992318E-01
  0.8166640E-03   0.9923197E-02   0.3992318E-01   0.3992317E-01   0.3992318E-01
  0.8291635E-03   0.9923199E-02   0.3992318E-01   0.3992317E-01   0.3992318E-01
  0.8418201E-03   0.9923199E-02   0.3992318E-01   0.3992317E-01   0.3992318E-01
  0.8546360E-03   0.9923200E-02   0.3992318E-01   0.3992317E-01   0.3992318E-01
  0.8676130E-03   0.9923201E-02   0.3992318E-01   0.3992317E-01   0.3992318E-01
  0.8807533E-03   0.9923201E-02   0.3992318E-01   0.3992317E-01   0.3992318E-01
  0.8940589E-03   0.9923203E-02   0.3992319E-01   0.3992317E-01   0.3992319E-01
  0.9075318E-03   0.9923203E-02   0.3992319E-01   0.3992317E-01   0.3992319E-01
  0.9211742E-03   0.9923205E-02   0.3992319E-01   0.3992317E-01   0.3992319E-01
  0.9349883E-03   0.9923205E-02   0.3992319E-01   0.3992317E-01   0.3992319E-01
  0.9489760E-03   0.9923206E-02   0.3992319E-01   0.3992317E-01   0.3992319E-01
  0.9631397E-03   0.9923208E-02   0.3992319E-01   0.3992317E-01   0.3992319E-01
  0.9774816E-03   0.9923208E-02   0.3992319E-01   0.3992317E-01   0.3992319E-01
  0.9920039E-03   0.9923210E-02   0.3992319E-01   0.3992317E-01   0.3992319E-01
  0.1006709E-02   0.9923210E-02   0.3992319E-01   0.3992317E-01   0.3992319E-01
  0.1021599E-02   0.9923212E-02   0.3992319E-01   0.3992317E-01   0.3992319E-01
  0.1036676E-02   0.9923213E-02   0.3992319E-01   0.3992317E-01   0.3992319E-01
  0.1051943E-02   0.9923214E-02   0.3992319E-01   0.3992317E-01   0.3992319E-01
  0.1067402E-02   0.9923216E-02   0.3992319E-01   0.3992317E-01   0.3992319E-01
  0.1083055E-02   0.9923217E-02   0.3992319E-01   0.3992317E-01   0.3992319E-01
  0.1098905E-02   0.9923218E-02   0.3992319E-01   0.3992317E-01   0.3992319E-01
  0.1114955E-02   0.9923220E-02   0.3992319E-01   0.3992317E-01   0.3992319E-01
  0.1131206E-02   0.9923221E-02   0.3992319E-01   0.3992317E-01   0.3992319E-01
  0.1147662E-02   0.9923222E-02   0.3992319E-01   0.3992317E-01   0.3992319E-01
  0.1164325E-02   0.9923223E-02   0.3992319E-01   0.3992317E-01   0.3992319E-01
  0.1181197E-02   0.9923225E-02   0.3992320E-01   0.3992317E-01   0.3992320E-01
  0.1198282E-02   0.9923227E-02   0.3992320E-01   0.3992317E-01   0.3992320E-01
  0.1215582E-02   0.9923229E-02   0.3992320E-01   0.3992317E-01   0.3992320E-01
  0.1233099E-02   0.9923230E-02   0.3992320E-01   0.3992317E-01   0.3992320E-01
  0.1250836E-02   0.9923232E-02   0.3992320E-01   0.3992317E-01   0.3992320E-01
  0.1268797E-02   0.9923233E-02   0.3992320E-01   0.3992317E-01   0.3992320E-01
  0.1286984E-02   0.9923235E-02   0.3992320E-01   0.3992317E-01   0.3992320E-01
  0.1305399E-02   0.9923237E-02   0.3992320E-01   0.3992317E-01   0.3992320E-01
  0.1324046E-02   0.9923239E-02   0.3992320E-01   0.3992317E-01   0.3992320E-01
  0.1342927E-02   0.9923241E-02   0.3992320E-01   0.3992317E-01   0.3992320E-01
  0.1362046E-02   0.9923243E-02   0.3992320E-01   0.3992317E-01   0.3992320E-01
  0.1381406E-02   0.9923245E-02   0.3992320E-01   0.3992317E-01   0.3992320E-01
  0.1401009E-02   0.9923247E-02   0.3992320E-01   0.3992317E-01   0.3992320E-01
  0.1420859E-02   0.9923249E-02   0.3992321E-01   0.3992317E-01   0.3992321E-01
  0.1440958E-02   0.9923251E-02   0.3992321E-01   0.3992317E-01   0.3992321E-01
  0.1461310E-02   0.9923253E-02   0.3992321E-01   0.3992317E-01   0.3992321E-01
  0.1481918E-02   0.9923256E-02   0.3992321E-01   0.3992317E-01   0.3992321E-01
  0.1502785E-02   0.9923258E-02   0.3992321E-01   0.3992317E-01   0.3992321E-01
  0.1523915E-02   0.9923261E-02   0.3992321E-01   0.3992317E-01   0.3992321E-01
  0.1545311E-02   0.9923263E-02   0.3992321E-01   0.3992317E-01   0.3992321E-01
  0.1566975E-02   0.9923266E-02   0.3992321E-01   0.3992317E-01   0.3992321E-01
  0.1588912E-02   0.9923268E-02   0.3992321E-01   0.3992317E-01   0.3992321E-01
  0.1611126E-02   0.9923271E-02   0.3992321E-01   0.3992317E-01   0.3992321E-01
  0.1633618E-02   0.9923274E-02   0.3992322E-01   0.3992317E-01   0.3992322E-01
  0.1656394E-02   0.9923277E-02   0.3992322E-01   0.3992317E-01   0.3992322E-01
  0.1679456E-02   0.9923279E-02   0.3992322E-01   0.3992317E-01   0.3992322E-01
  0.1702807E-02   0.9923283E-02   0.3992322E-01   0.3992317E-01   0.3992322E-01
  0.1726453E-02   0.9923286E-02   0.3992322E-01   0.3992317E-01   0.3992322E-01
  0.1750396E-02   0.9923289E-02   0.3992322E-01   0.3992317E-01   0.3992322E-01
  0.1774641E-02   0.9923292E-02   0.3992322E-01   0.3992317E-01   0.3992322E-01
  0.1799190E-02   0.9923296E-02   0.3992323E-01   0.3992317E-01   0.3992323E-01
  0.1824048E-02   0.9923299E-02   0.3992323E-01   0.3992317E-01   0.3992323E-01
  0.1849219E-02   0.9923303E-02   0.3992323E-01   0.3992317E-01   0.3992323E-01
  0.1874706E-02   0.9923306E-02   0.3992323E-01   0.3992317E-01   0.3992323E-01
  0.1900514E-02   0.9923310E-02   0.3992323E-01   0.3992317E-01   0.3992323E-01
  0.1926647E-02   0.9923314E-02   0.3992323E-01   0.3992317E-01   0.3992323E-01
  0.1953108E-02   0.9923318E-02   0.3992324E-01   0.3992317E-01   0.3992324E-01
  0.1979902E-02   0.9923322E-02   0.3992324E-01   0.3992317E-01   0.3992324E-01
  0.2007033E-02   0.9923326E-02   0.3992324E-01   0.3992317E-01   0.3992324E-01
  0.2034506E-02   0.9923330E-02   0.3992324E-01   0.3992317E-01   0.3992324E-01
  0.2062324E-02   0.9923335E-02   0.3992324E-01   0.3992317E-01   0.3992324E-01
  0.2090492E-02   0.9923339E-02   0.3992325E-01   0.3992317E-01   0.3992325E-01
  0.2119014E-02   0.9923343E-02   0.3992325E-01   0.3992317E-01   0.3992325E-01
  0.2147895E-02   0.9923348E-02   0.3992325E-01   0.3992317E-01   0.3992325E-01
  0.2177139E-02   0.9923353E-02   0.3992325E-01   0.3992317E-01   0.3992325E-01
  0.2206751E-02   0.9923358E-02   0.3992325E-01   0.3992317E-01   0.3992325E-01
  0.2236736E-02   0.9923363E-02   0.3992326E-01   0.3992317E-01   0.3992326E-01
  0.2267098E-02   0.9923368E-02   0.3992326E-01   0.3992317E-01   0.3992326E-01
  0.2297841E-02   0.9923374E-02   0.3992326E-01   0.3992317E-01   0.3992326E-01
  0.2328972E-02   0.9923379E-02   0.3992326E-01   0.3992317E-01   0.3992326E-01
  0.2360494E-02   0.9923385E-02   0.3992326E-01   0.3992317E-01   0.3992326E-01
  0.2392412E-02   0.9923391E-02   0.3992327E-01   0.3992317E-01   0.3992327E-01
  0.2424732E-02   0.9923396E-02   0.3992327E-01   0.3992317E-01   0.3992327E-01
  0.2457458E-02   0.9923402E-02   0.3992327E-01   0.3992317E-01   0.3992327E-01
  0.2490596E-02   0.9923409E-02   0.3992328E-01   0.3992317E-01   0.3992328E-01
  0.2524151E-02   0.9923415E-02   0.3992328E-01   0.3992317E-01   0.3992328E-01
  0.2558128E-02   0.9923422E-02   0.3992328E-01   0.3992317E-01   0.3992328E-01
  0.2592532E-02   0.9923428E-02   0.3992328E-01   0.3992317E-01   0.3992328E-01
  0.2627370E-02   0.9923436E-02   0.3992329E-01   0.3992317E-01   0.3992329E-01
  0.2662645E-02   0.9923443E-02   0.3992329E-01   0.3992317E-01   0.3992329E-01
  0.2698364E-02   0.9923450E-02   0.3992329E-01   0.3992317E-01   0.3992329E-01
  0.2734532E-02   0.9923458E-02   0.3992330E-01   0.3992317E-01   0.3992330E-01
  0.2771156E-02   0.9923465E-02   0.3992330E-01   0.3992317E-01   0.3992330E-01
  0.2808239E-02   0.9923473E-02   0.3992330E-01   0.3992317E-01   0.3992330E-01
  0.2845790E-02   0.9923481E-02   0.3992331E-01   0.3992317E-01   0.3992331E-01
  0.2883813E-02   0.9923490E-02   0.3992331E-01   0.3992317E-01   0.3992331E-01
  0.2922313E-02   0.9923498E-02   0.3992331E-01   0.3992317E-01   0.3992331E-01
  0.2961299E-02   0.9923507E-02   0.3992332E-01   0.3992317E-01   0.3992332E-01
  0.3000774E-02   0.9923516E-02   0.3992332E-01   0.3992317E-01   0.3992332E-01
  0.3040746E-02   0.9923525E-02   0.3992333E-01   0.3992317E-01   0.3992333E-01
  0.3081221E-02   0.9923534E-02   0.3992333E-01   0.3992317E-01   0.3992333E-01
  0.3122205E-02   0.9923544E-02   0.3992333E-01   0.3992317E-01   0.3992333E-01
  0.3163705E-02   0.9923554E-02   0.3992334E-01   0.3992317E-01   0.3992334E-01
  0.3205727E-02   0.9923564E-02   0.3992334E-01   0.3992317E-01   0.3992334E-01
  0.3248277E-02   0.9923575E-02   0.3992335E-01   0.3992317E-01   0.3992335E-01
  0.3291362E-02   0.9923585E-02   0.3992335E-01   0.3992317E-01   0.3992335E-01
  0.3334989E-02   0.9923596E-02   0.3992336E-01   0.3992317E-01   0.3992336E-01
  0.3379165E-02   0.9923607E-02   0.3992336E-01   0.3992317E-01   0.3992336E-01
  0.3423897E-02   0.9923620E-02   0.3992337E-01   0.3992317E-01   0.3992337E-01
  0.3469192E-02   0.9923631E-02   0.3992337E-01   0.3992317E-01   0.3992337E-01
  0.3515056E-02   0.9923644E-02   0.3992338E-01   0.3992317E-01   0.3992338E-01
  0.3561497E-02   0.9923656E-02   0.3992338E-01   0.3992317E-01   0.3992338E-01
  0.3608522E-02   0.9923669E-02   0.3992339E-01   0.3992317E-01   0.3992339E-01
  0.3656139E-02   0.9923682E-02   0.3992339E-01   0.3992317E-01   0.3992339E-01
  0.3704354E-02   0.9923696E-02   0.3992340E-01   0.3992317E-01   0.3992340E-01
  0.3753176E-02   0.9923710E-02   0.3992341E-01   0.3992317E-01   0.3992341E-01
  0.3802612E-02   0.9923724E-02   0.3992341E-01   0.3992317E-01   0.3992341E-01
  0.3852671E-02   0.9923739E-02   0.3992342E-01   0.3992317E-01   0.3992342E-01
  0.3903358E-02   0.9923754E-02   0.3992343E-01   0.3992317E-01   0.3992343E-01
  0.3954684E-02   0.9923769E-02   0.3992343E-01   0.3992317E-01   0.3992343E-01
  0.4006654E-02   0.9923784E-02   0.3992344E-01   0.3992317E-01   0.3992344E-01
  0.4059279E-02   0.9923801E-02   0.3992345E-01   0.3992317E-01   0.3992345E-01
  0.4112565E-02   0.9923818E-02   0.3992345E-01   0.3992317E-01   0.3992345E-01
  0.4166522E-02   0.9923834E-02   0.3992346E-01   0.3992317E-01   0.3992346E-01
  0.4221158E-02   0.9923852E-02   0.3992347E-01   0.3992317E-01   0.3992347E-01
  0.4276480E-02   0.9923870E-02   0.3992348E-01   0.3992317E-01   0.3992348E-01
  0.4332499E-02   0.9923888E-02   0.3992348E-01   0.3992317E-01   0.3992348E-01
  0.4389222E-02   0.9923907E-02   0.3992349E-01   0.3992317E-01   0.3992349E-01
  0.4446659E-02   0.9923927E-02   0.3992350E-01   0.3992317E-01   0.3992350E-01
  0.4504818E-02   0.9923946E-02   0.3992351E-01   0.3992317E-01   0.3992351E-01
  0.4563709E-02   0.9923967E-02   0.3992352E-01   0.3992317E-01   0.3992352E-01
  0.4623340E-02   0.9923987E-02   0.3992353E-01   0.3992317E-01   0.3992353E-01
  0.4683722E-02   0.9924009E-02   0.3992354E-01   0.3992317E-01   0.3992354E-01
  0.4744863E-02   0.9924032E-02   0.3992355E-01   0.3992317E-01   0.3992355E-01
  0.4806773E-02   0.9924054E-02   0.3992356E-01   0.3992317E-01   0.3992356E-01
  0.4869462E-02   0.9924077E-02   0.3992357E-01   0.3992317E-01   0.3992357E-01
  0.4932939E-02   0.9924101E-02   0.3992358E-01   0.3992317E-01   0.3992358E-01
  0.4997215E-02   0.9924125E-02   0.3992359E-01   0.3992317E-01   0.3992359E-01
  0.5062299E-02   0.9924150E-02   0.3992360E-01   0.3992317E-01   0.3992360E-01
  0.5128202E-02   0.9924176E-02   0.3992361E-01   0.3992317E-01   0.3992361E-01
  0.5194934E-02   0.9924202E-02   0.3992362E-01   0.3992317E-01   0.3992362E-01
  0.5262505E-02   0.9924229E-02   0.3992363E-01   0.3992317E-01   0.3992363E-01
  0.5330926E-02   0.9924257E-02   0.3992365E-01   0.3992317E-01   0.3992365E-01
  0.5400208E-02   0.9924285E-02   0.3992366E-01   0.3992317E-01   0.3992366E-01
  0.5470361E-02   0.9924314E-02   0.3992367E-01   0.3992317E-01   0.3992367E-01
  0.5541397E-02   0.9924344E-02   0.3992368E-01   0.3992317E-01   0.3992368E-01
  0.5613326E-02   0.9924375E-02   0.3992370E-01   0.3992317E-01   0.3992370E-01
  0.5686160E-02   0.9924406E-02   0.3992371E-01   0.3992317E-01   0.3992371E-01
  0.5759911E-02   0.9924438E-02   0.3992372E-01   0.3992317E-01   0.3992372E-01
  0.5834588E-02   0.9924471E-02   0.3992374E-01   0.3992317E-01   0.3992374E-01
  0.5910206E-02   0.9924505E-02   0.3992375E-01   0.3992317E-01   0.3992375E-01
  0.5986774E-02   0.9924540E-02   0.3992377E-01   0.3992317E-01   0.3992377E-01
  0.6064305E-02   0.9924576E-02   0.3992379E-01   0.3992317E-01   0.3992379E-01
  0.6142812E-02   0.9924612E-02   0.3992380E-01   0.3992317E-01   0.3992380E-01
  0.6222306E-02   0.9924650E-02   0.3992382E-01   0.3992317E-01   0.3992382E-01
  0.6302800E-02   0.9924688E-02   0.3992383E-01   0.3992317E-01   0.3992383E-01
  0.6384307E-02   0.9924727E-02   0.3992385E-01   0.3992317E-01   0.3992385E-01
  0.6466838E-02   0.9924768E-02   0.3992387E-01   0.3992317E-01   0.3992387E-01
  0.6550408E-02   0.9924809E-02   0.3992389E-01   0.3992317E-01   0.3992389E-01
  0.6635029E-02   0.9924852E-02   0.3992391E-01   0.3992317E-01   0.3992391E-01
  0.6720715E-02   0.9924896E-02   0.3992392E-01   0.3992317E-01   0.3992392E-01
  0.6807478E-02   0.9924941E-02   0.3992394E-01   0.3992317E-01   0.3992394E-01
  0.6895333E-02   0.9924986E-02   0.3992396E-01   0.3992317E-01   0.3992396E-01
  0.6984292E-02   0.9925034E-02   0.3992398E-01   0.3992317E-01   0.3992398E-01
  0.7074371E-02   0.9925082E-02   0.3992401E-01   0.3992317E-01   0.3992401E-01
  0.7165583E-02   0.9925131E-02   0.3992403E-01   0.3992317E-01   0.3992403E-01
  0.7257942E-02   0.9925182E-02   0.3992405E-01   0.3992317E-01   0.3992405E-01
  0.7351462E-02   0.9925234E-02   0.3992407E-01   0.3992317E-01   0.3992407E-01
  0.7446159E-02   0.9925288E-02   0.3992410E-01   0.3992317E-01   0.3992410E-01
  0.7542048E-02   0.9925343E-02   0.3992412E-01   0.3992317E-01   0.3992412E-01
  0.7639142E-02   0.9925399E-02   0.3992414E-01   0.3992317E-01   0.3992414E-01
  0.7737458E-02   0.9925457E-02   0.3992417E-01   0.3992317E-01   0.3992417E-01
  0.7837010E-02   0.9925516E-02   0.3992420E-01   0.3992317E-01   0.3992420E-01
  0.7937814E-02   0.9925577E-02   0.3992422E-01   0.3992317E-01   0.3992422E-01
  0.8039887E-02   0.9925639E-02   0.3992425E-01   0.3992317E-01   0.3992425E-01
  0.8143243E-02   0.9925703E-02   0.3992428E-01   0.3992317E-01   0.3992428E-01
  0.8247900E-02   0.9925768E-02   0.3992431E-01   0.3992317E-01   0.3992431E-01
  0.8353873E-02   0.9925836E-02   0.3992434E-01   0.3992317E-01   0.3992434E-01
  0.8461178E-02   0.9925904E-02   0.3992436E-01   0.3992317E-01   0.3992436E-01
  0.8569834E-02   0.9925975E-02   0.3992440E-01   0.3992317E-01   0.3992440E-01
  0.8679856E-02   0.9926048E-02   0.3992443E-01   0.3992317E-01   0.3992443E-01
  0.8791263E-02   0.9926121E-02   0.3992446E-01   0.3992317E-01   0.3992446E-01
  0.8904070E-02   0.9926197E-02   0.3992449E-01   0.3992317E-01   0.3992449E-01
  0.9018297E-02   0.9926276E-02   0.3992453E-01   0.3992317E-01   0.3992453E-01
  0.9133960E-02   0.9926356E-02   0.3992456E-01   0.3992317E-01   0.3992456E-01
  0.9251078E-02   0.9926438E-02   0.3992460E-01   0.3992317E-01   0.3992460E-01
  0.9369669E-02   0.9926523E-02   0.3992464E-01   0.3992317E-01   0.3992464E-01
  0.9489752E-02   0.9926609E-02   0.3992467E-01   0.3992317E-01   0.3992467E-01
  0.9611346E-02   0.9926698E-02   0.3992471E-01   0.3992317E-01   0.3992471E-01
  0.9734469E-02   0.9926788E-02   0.3992475E-01   0.3992317E-01   0.3992475E-01
  0.9859140E-02   0.9926881E-02   0.3992479E-01   0.3992317E-01   0.3992479E-01
  0.9985380E-02   0.9926978E-02   0.3992483E-01   0.3992317E-01   0.3992483E-01
  0.1011321E-01   0.9927075E-02   0.3992488E-01   0.3992317E-01   0.3992488E-01
  0.1024264E-01   0.9927176E-02   0.3992492E-01   0.3992317E-01   0.3992492E-01
  0.1037371E-01   0.9927279E-02   0.3992496E-01   0.3992317E-01   0.3992496E-01
  0.1050642E-01   0.9927384E-02   0.3992501E-01   0.3992317E-01   0.3992501E-01
  0.1064080E-01   0.9927493E-02   0.3992506E-01   0.3992317E-01   0.3992506E-01
  0.1077687E-01   0.9927604E-02   0.3992511E-01   0.3992317E-01   0.3992511E-01
  0.1091466E-01   0.9927718E-02   0.3992516E-01   0.3992317E-01   0.3992516E-01
  0.1105417E-01   0.9927835E-02   0.3992521E-01   0.3992317E-01   0.3992521E-01
  0.1119544E-01   0.9927956E-02   0.3992526E-01   0.3992317E-01   0.3992526E-01
  0.1133849E-01   0.9928079E-02   0.3992531E-01   0.3992317E-01   0.3992531E-01
  0.1148334E-01   0.9928204E-02   0.3992537E-01   0.3992317E-01   0.3992537E-01
  0.1163001E-01   0.9928334E-02   0.3992543E-01   0.3992317E-01   0.3992543E-01
  0.1177852E-01   0.9928467E-02   0.3992548E-01   0.3992317E-01   0.3992548E-01
  0.1192891E-01   0.9928603E-02   0.3992554E-01   0.3992317E-01   0.3992554E-01
  0.1208118E-01   0.9928742E-02   0.3992560E-01   0.3992317E-01   0.3992560E-01
  0.1223537E-01   0.9928886E-02   0.3992567E-01   0.3992317E-01   0.3992567E-01
  0.1239150E-01   0.9929032E-02   0.3992573E-01   0.3992317E-01   0.3992573E-01
  0.1254959E-01   0.9929182E-02   0.3992580E-01   0.3992317E-01   0.3992580E-01
  0.1270967E-01   0.9929337E-02   0.3992586E-01   0.3992317E-01   0.3992586E-01
  0.1287177E-01   0.9929495E-02   0.3992593E-01   0.3992317E-01   0.3992593E-01
  0.1303590E-01   0.9929657E-02   0.3992600E-01   0.3992317E-01   0.3992600E-01
  0.1320210E-01   0.9929824E-02   0.3992608E-01   0.3992317E-01   0.3992608E-01
  0.1337039E-01   0.9929995E-02   0.3992615E-01   0.3992317E-01   0.3992615E-01
  0.1354080E-01   0.9930170E-02   0.3992623E-01   0.3992317E-01   0.3992623E-01
  0.1371335E-01   0.9930349E-02   0.3992631E-01   0.3992317E-01   0.3992631E-01
  0.1388807E-01   0.9930533E-02   0.3992639E-01   0.3992317E-01   0.3992639E-01
  0.1406498E-01   0.9930722E-02   0.3992647E-01   0.3992317E-01   0.3992647E-01
  0.1424413E-01   0.9930915E-02   0.3992655E-01   0.3992317E-01   0.3992655E-01
  0.1442552E-01   0.9931113E-02   0.3992664E-01   0.3992317E-01   0.3992664E-01
  0.1460920E-01   0.9931318E-02   0.3992673E-01   0.3992317E-01   0.3992673E-01
  0.1479519E-01   0.9931526E-02   0.3992682E-01   0.3992317E-01   0.3992682E-01
  0.1498352E-01   0.9931740E-02   0.3992691E-01   0.3992317E-01   0.3992691E-01
  0.1517421E-01   0.9931959E-02   0.3992701E-01   0.3992317E-01   0.3992701E-01
  0.1536731E-01   0.9932184E-02   0.3992711E-01   0.3992317E-01   0.3992711E-01
  0.1556283E-01   0.9932415E-02   0.3992721E-01   0.3992317E-01   0.3992721E-01
  0.1576082E-01   0.9932652E-02   0.3992731E-01   0.3992317E-01   0.3992731E-01
  0.1596129E-01   0.9932895E-02   0.3992742E-01   0.3992317E-01   0.3992742E-01
  0.1616428E-01   0.9933144E-02   0.3992753E-01   0.3992317E-01   0.3992753E-01
  0.1636983E-01   0.9933399E-02   0.3992764E-01   0.3992317E-01   0.3992764E-01
  0.1657797E-01   0.9933660E-02   0.3992775E-01   0.3992317E-01   0.3992775E-01
  0.1678872E-01   0.9933929E-02   0.3992787E-01   0.3992317E-01   0.3992787E-01
  0.1700212E-01   0.9934204E-02   0.3992799E-01   0.3992317E-01   0.3992799E-01
  0.1721821E-01   0.9934486E-02   0.3992811E-01   0.3992317E-01   0.3992811E-01
  0.1743702E-01   0.9934775E-02   0.3992824E-01   0.3992317E-01   0.3992824E-01
  0.1765857E-01   0.9935073E-02   0.3992837E-01   0.3992317E-01   0.3992837E-01
  0.1788292E-01   0.9935377E-02   0.3992850E-01   0.3992317E-01   0.3992850E-01
  0.1811008E-01   0.9935688E-02   0.3992864E-01   0.3992317E-01   0.3992864E-01
  0.1834011E-01   0.9936009E-02   0.3992878E-01   0.3992317E-01   0.3992878E-01
  0.1857302E-01   0.9936337E-02   0.3992892E-01   0.3992317E-01   0.3992892E-01
  0.1880887E-01   0.9936673E-02   0.3992907E-01   0.3992317E-01   0.3992907E-01
  0.1904769E-01   0.9937018E-02   0.3992922E-01   0.3992317E-01   0.3992922E-01
  0.1928950E-01   0.9937372E-02   0.3992937E-01   0.3992317E-01   0.3992937E-01
  0.1953436E-01   0.9937734E-02   0.3992953E-01   0.3992317E-01   0.3992953E-01
  0.1978230E-01   0.9938107E-02   0.3992969E-01   0.3992317E-01   0.3992969E-01
  0.2003336E-01   0.9938488E-02   0.3992986E-01   0.3992317E-01   0.3992986E-01
  0.2028757E-01   0.9938879E-02   0.3993003E-01   0.3992317E-01   0.3993003E-01
  0.2054499E-01   0.9939281E-02   0.3993021E-01   0.3992317E-01   0.3993021E-01
  0.2080564E-01   0.9939691E-02   0.3993039E-01   0.3992317E-01   0.3993039E-01
  0.2106957E-01   0.9940114E-02   0.3993057E-01   0.3992317E-01   0.3993057E-01
  0.2133682E-01   0.9940546E-02   0.3993076E-01   0.3992317E-01   0.3993076E-01
  0.2160743E-01   0.9940990E-02   0.3993095E-01   0.3992317E-01   0.3993095E-01
  0.2188144E-01   0.9941444E-02   0.3993115E-01   0.3992317E-01   0.3993115E-01
  0.2215891E-01   0.9941911E-02   0.3993135E-01   0.3992317E-01   0.3993135E-01
  0.2243986E-01   0.9942388E-02   0.3993156E-01   0.3992317E-01   0.3993156E-01
  0.2272434E-01   0.9942879E-02   0.3993178E-01   0.3992317E-01   0.3993178E-01
  0.2301241E-01   0.9943382E-02   0.3993200E-01   0.3992317E-01   0.3993200E-01
  0.2330410E-01   0.9943898E-02   0.3993222E-01   0.3992317E-01   0.3993222E-01
  0.2359945E-01   0.9944426E-02   0.3993245E-01   0.3992317E-01   0.3993245E-01
  0.2389852E-01   0.9944968E-02   0.3993269E-01   0.3992317E-01   0.3993269E-01
  0.2420136E-01   0.9945523E-02   0.3993293E-01   0.3992317E-01   0.3993293E-01
  0.2450800E-01   0.9946094E-02   0.3993318E-01   0.3992317E-01   0.3993318E-01
  0.2481850E-01   0.9946678E-02   0.3993344E-01   0.3992317E-01   0.3993344E-01
  0.2513291E-01   0.9947277E-02   0.3993370E-01   0.3992317E-01   0.3993370E-01
  0.2545127E-01   0.9947892E-02   0.3993397E-01   0.3992317E-01   0.3993397E-01
  0.2577363E-01   0.9948522E-02   0.3993424E-01   0.3992317E-01   0.3993424E-01
  0.2610005E-01   0.9949169E-02   0.3993453E-01   0.3992317E-01   0.3993453E-01
  0.2643057E-01   0.9949831E-02   0.3993481E-01   0.3992317E-01   0.3993481E-01
  0.2676526E-01   0.9950511E-02   0.3993511E-01   0.3992317E-01   0.3993511E-01
  0.2710415E-01   0.9951207E-02   0.3993542E-01   0.3992317E-01   0.3993542E-01
  0.2744731E-01   0.9951921E-02   0.3993573E-01   0.3992317E-01   0.3993573E-01
  0.2779478E-01   0.9952654E-02   0.3993605E-01   0.3992317E-01   0.3993605E-01
  0.2814662E-01   0.9953404E-02   0.3993638E-01   0.3992317E-01   0.3993638E-01
  0.2850289E-01   0.9954175E-02   0.3993671E-01   0.3992317E-01   0.3993671E-01
  0.2886364E-01   0.9954964E-02   0.3993706E-01   0.3992317E-01   0.3993706E-01
  0.2922892E-01   0.9955775E-02   0.3993741E-01   0.3992317E-01   0.3993741E-01
  0.2959880E-01   0.9956605E-02   0.3993777E-01   0.3992317E-01   0.3993777E-01
  0.2997334E-01   0.9957456E-02   0.3993814E-01   0.3992317E-01   0.3993814E-01
  0.3035258E-01   0.9958329E-02   0.3993853E-01   0.3992317E-01   0.3993853E-01
  0.3073660E-01   0.9959224E-02   0.3993892E-01   0.3992317E-01   0.3993892E-01
  0.3112545E-01   0.9960142E-02   0.3993932E-01   0.3992317E-01   0.3993932E-01
  0.3151918E-01   0.9961083E-02   0.3993973E-01   0.3992317E-01   0.3993973E-01
  0.3191787E-01   0.9962048E-02   0.3994015E-01   0.3992317E-01   0.3994015E-01
  0.3232158E-01   0.9963038E-02   0.3994058E-01   0.3992317E-01   0.3994058E-01
  0.3273036E-01   0.9964052E-02   0.3994103E-01   0.3992317E-01   0.3994103E-01
  0.3314428E-01   0.9965093E-02   0.3994148E-01   0.3992317E-01   0.3994148E-01
  0.3356341E-01   0.9966159E-02   0.3994195E-01   0.3992317E-01   0.3994195E-01
  0.3398782E-01   0.9967254E-02   0.3994243E-01   0.3992317E-01   0.3994243E-01
  0.3441756E-01   0.9968376E-02   0.3994292E-01   0.3992317E-01   0.3994292E-01
  0.3485270E-01   0.9969525E-02   0.3994342E-01   0.3992317E-01   0.3994342E-01
  0.3529333E-01   0.9970705E-02   0.3994393E-01   0.3992317E-01   0.3994393E-01
  0.3573949E-01   0.9971914E-02   0.3994446E-01   0.3992317E-01   0.3994446E-01
  0.3619126E-01   0.9973154E-02   0.3994500E-01   0.3992317E-01   0.3994500E-01
  0.3664872E-01   0.9974425E-02   0.3994556E-01   0.3992317E-01   0.3994556E-01
  0.3711193E-01   0.9975729E-02   0.3994613E-01   0.3992317E-01   0.3994613E-01
  0.3758097E-01   0.9977065E-02   0.3994671E-01   0.3992317E-01   0.3994671E-01
  0.3805591E-01   0.9978436E-02   0.3994731E-01   0.3992317E-01   0.3994731E-01
  0.3853682E-01   0.9979841E-02   0.3994793E-01   0.3992317E-01   0.3994793E-01
  0.3902378E-01   0.9981283E-02   0.3994856E-01   0.3992317E-01   0.3994856E-01
  0.3951686E-01   0.9982760E-02   0.3994920E-01   0.3992317E-01   0.3994920E-01
  0.4001615E-01   0.9984275E-02   0.3994986E-01   0.3992317E-01   0.3994986E-01
  0.4052172E-01   0.9985829E-02   0.3995054E-01   0.3992317E-01   0.3995054E-01
  0.4103365E-01   0.9987422E-02   0.3995124E-01   0.3992317E-01   0.3995124E-01
  0.4155201E-01   0.9989055E-02   0.3995195E-01   0.3992317E-01   0.3995195E-01
  0.4207690E-01   0.9990729E-02   0.3995268E-01   0.3992317E-01   0.3995268E-01
  0.4260839E-01   0.9992447E-02   0.3995344E-01   0.3992317E-01   0.3995344E-01
  0.4314656E-01   0.9994207E-02   0.3995420E-01   0.3992317E-01   0.3995420E-01
  0.4369151E-01   0.9996013E-02   0.3995499E-01   0.3992317E-01   0.3995499E-01
  0.4424331E-01   0.9997864E-02   0.3995580E-01   0.3992317E-01   0.3995580E-01
  0.4480205E-01   0.9999762E-02   0.3995663E-01   0.3992317E-01   0.3995663E-01
  0.4536781E-01   0.1000171E-01   0.3995748E-01   0.3992317E-01   0.3995748E-01
  0.4594070E-01   0.1000370E-01   0.3995836E-01   0.3992317E-01   0.3995836E-01
  0.4652079E-01   0.1000575E-01   0.3995925E-01   0.3992317E-01   0.3995925E-01
  0.4710818E-01   0.1000785E-01   0.3996017E-01   0.3992317E-01   0.3996017E-01
  0.4770295E-01   0.1001000E-01   0.3996111E-01   0.3992317E-01   0.3996111E-01
  0.4830521E-01   0.1001221E-01   0.3996207E-01   0.3992317E-01   0.3996207E-01
  0.4891504E-01   0.1001447E-01   0.3996306E-01   0.3992317E-01   0.3996306E-01
  0.4953254E-01   0.1001679E-01   0.3996408E-01   0.3992317E-01   0.3996408E-01
  0.5015781E-01   0.1001916E-01   0.3996512E-01   0.3992317E-01   0.3996512E-01
  0.5079094E-01   0.1002160E-01   0.3996618E-01   0.3992317E-01   0.3996618E-01
  0.5143204E-01   0.1002410E-01   0.3996727E-01   0.3992317E-01   0.3996727E-01
  0.5208120E-01   0.1002666E-01   0.3996840E-01   0.3992317E-01   0.3996840E-01
  0.5273853E-01   0.1002929E-01   0.3996954E-01   0.3992317E-01   0.3996954E-01
  0.5340413E-01   0.1003199E-01   0.3997072E-01   0.3992317E-01   0.3997072E-01
  0.5407810E-01   0.1003475E-01   0.3997193E-01   0.3992317E-01   0.3997193E-01
  0.5476054E-01   0.1003758E-01   0.3997317E-01   0.3992317E-01   0.3997317E-01
  0.5545157E-01   0.1004049E-01   0.3997444E-01   0.3992317E-01   0.3997444E-01
  0.5615130E-01   0.1004347E-01   0.3997574E-01   0.3992317E-01   0.3997574E-01
  0.5685982E-01   0.1004652E-01   0.3997708E-01   0.3992317E-01   0.3997708E-01
  0.5757726E-01   0.1004965E-01   0.3997845E-01   0.3992317E-01   0.3997845E-01
  0.5830371E-01   0.1005286E-01   0.3997986E-01   0.3992317E-01   0.3997986E-01
  0.5903931E-01   0.1005616E-01   0.3998130E-01   0.3992317E-01   0.3998130E-01
  0.5978416E-01   0.1005953E-01   0.3998277E-01   0.3992317E-01   0.3998277E-01
  0.6053838E-01   0.1006299E-01   0.3998429E-01   0.3992317E-01   0.3998429E-01
  0.6130209E-01   0.1006654E-01   0.3998584E-01   0.3992317E-01   0.3998584E-01
  0.6207540E-01   0.1007018E-01   0.3998743E-01   0.3992317E-01   0.3998743E-01
  0.6285844E-01   0.1007391E-01   0.3998907E-01   0.3992317E-01   0.3998907E-01
  0.6365133E-01   0.1007774E-01   0.3999074E-01   0.3992317E-01   0.3999074E-01
  0.6445419E-01   0.1008166E-01   0.3999246E-01   0.3992317E-01   0.3999246E-01
  0.6526715E-01   0.1008568E-01   0.3999422E-01   0.3992317E-01   0.3999422E-01
  0.6609034E-01   0.1008980E-01   0.3999602E-01   0.3992317E-01   0.3999602E-01
  0.6692388E-01   0.1009403E-01   0.3999787E-01   0.3992317E-01   0.3999787E-01
  0.6776791E-01   0.1009837E-01   0.3999977E-01   0.3992317E-01   0.3999977E-01
  0.6862255E-01   0.1010281E-01   0.4000172E-01   0.3992317E-01   0.4000172E-01
  0.6948794E-01   0.1010737E-01   0.4000371E-01   0.3992317E-01   0.4000371E-01
  0.7036422E-01   0.1011204E-01   0.4000576E-01   0.3992317E-01   0.4000576E-01
  0.7125152E-01   0.1011683E-01   0.4000786E-01   0.3992317E-01   0.4000786E-01
  0.7214998E-01   0.1012175E-01   0.4001001E-01   0.3992317E-01   0.4001001E-01
  0.7305974E-01   0.1012678E-01   0.4001221E-01   0.3992317E-01   0.4001221E-01
  0.7398095E-01   0.1013195E-01   0.4001448E-01   0.3992317E-01   0.4001448E-01
  0.7491374E-01   0.1013724E-01   0.4001680E-01   0.3992317E-01   0.4001680E-01
  0.7585826E-01   0.1014267E-01   0.4001917E-01   0.3992317E-01   0.4001917E-01
  0.7681467E-01   0.1014824E-01   0.4002161E-01   0.3992317E-01   0.4002161E-01
  0.7778311E-01   0.1015395E-01   0.4002412E-01   0.3992317E-01   0.4002412E-01
  0.7876373E-01   0.1015980E-01   0.4002668E-01   0.3992317E-01   0.4002668E-01
  0.7975668E-01   0.1016580E-01   0.4002931E-01   0.3992317E-01   0.4002931E-01
  0.8076212E-01   0.1017195E-01   0.4003201E-01   0.3992317E-01   0.4003201E-01
  0.8178021E-01   0.1017826E-01   0.4003477E-01   0.3992317E-01   0.4003477E-01
  0.8281111E-01   0.1018473E-01   0.4003761E-01   0.3992317E-01   0.4003761E-01
  0.8385497E-01   0.1019136E-01   0.4004051E-01   0.3992317E-01   0.4004051E-01
  0.8491196E-01   0.1019816E-01   0.4004349E-01   0.3992317E-01   0.4004349E-01
  0.8598225E-01   0.1020513E-01   0.4004655E-01   0.3992317E-01   0.4004655E-01
  0.8706600E-01   0.1021228E-01   0.4004969E-01   0.3992317E-01   0.4004969E-01
  0.8816338E-01   0.1021961E-01   0.4005290E-01   0.3992317E-01   0.4005290E-01
  0.8927457E-01   0.1022712E-01   0.4005620E-01   0.3992317E-01   0.4005620E-01
  0.9039973E-01   0.1023482E-01   0.4005958E-01   0.3992317E-01   0.4005958E-01
  0.9153905E-01   0.1024272E-01   0.4006304E-01   0.3992317E-01   0.4006304E-01
  0.9269269E-01   0.1025082E-01   0.4006660E-01   0.3992317E-01   0.4006660E-01
  0.9386085E-01   0.1025913E-01   0.4007024E-01   0.3992317E-01   0.4007024E-01
  0.9504370E-01   0.1026764E-01   0.4007398E-01   0.3992317E-01   0.4007398E-01
  0.9624143E-01   0.1027637E-01   0.4007781E-01   0.3992317E-01   0.4007781E-01
  0.9745423E-01   0.1028532E-01   0.4008174E-01   0.3992317E-01   0.4008174E-01
  0.9868228E-01   0.1029449E-01   0.4008577E-01   0.3992317E-01   0.4008577E-01
  0.9992577E-01   0.1030390E-01   0.4008990E-01   0.3992317E-01   0.4008990E-01
  0.1011849E+00   0.1031355E-01   0.4009414E-01   0.3992317E-01   0.4009414E-01
  0.1024599E+00   0.1032344E-01   0.4009849E-01   0.3992317E-01   0.4009849E-01
  0.1037509E+00   0.1033358E-01   0.4010294E-01   0.3992317E-01   0.4010294E-01
  0.1050582E+00   0.1034398E-01   0.4010751E-01   0.3992317E-01   0.4010751E-01
  0.1063819E+00   0.1035464E-01   0.4011220E-01   0.3992317E-01   0.4011220E-01
  0.1077222E+00   0.1036557E-01   0.4011700E-01   0.3992317E-01   0.4011700E-01
  0.1090794E+00   0.1037677E-01   0.4012193E-01   0.3992317E-01   0.4012193E-01
  0.1104537E+00   0.1038826E-01   0.4012698E-01   0.3992317E-01   0.4012698E-01
  0.1118452E+00   0.1040004E-01   0.4013216E-01   0.3992318E-01   0.4013216E-01
  0.1132543E+00   0.1041212E-01   0.4013747E-01   0.3992318E-01   0.4013747E-01
  0.1146811E+00   0.1042450E-01   0.4014292E-01   0.3992318E-01   0.4014292E-01
  0.1161258E+00   0.1043720E-01   0.4014851E-01   0.3992318E-01   0.4014851E-01
  0.1175888E+00   0.1045021E-01   0.4015424E-01   0.3992318E-01   0.4015424E-01
  0.1190701E+00   0.1046356E-01   0.4016012E-01   0.3992318E-01   0.4016012E-01
  0.1205700E+00   0.1047724E-01   0.4016614E-01   0.3992318E-01   0.4016614E-01
  0.1220888E+00   0.1049127E-01   0.4017232E-01   0.3992318E-01   0.4017232E-01
  0.1236267E+00   0.1050565E-01   0.4017866E-01   0.3992318E-01   0.4017866E-01
  0.1251840E+00   0.1052040E-01   0.4018515E-01   0.3992318E-01   0.4018515E-01
  0.1267608E+00   0.1053552E-01   0.4019182E-01   0.3992318E-01   0.4019182E-01
  0.1283575E+00   0.1055102E-01   0.4019865E-01   0.3992318E-01   0.4019865E-01
  0.1299743E+00   0.1056691E-01   0.4020566E-01   0.3992318E-01   0.4020566E-01
  0.1316114E+00   0.1058320E-01   0.4021285E-01   0.3992318E-01   0.4021285E-01
  0.1332691E+00   0.1059991E-01   0.4022022E-01   0.3992318E-01   0.4022022E-01
  0.1349476E+00   0.1061703E-01   0.4022778E-01   0.3992318E-01   0.4022778E-01
  0.1366473E+00   0.1063459E-01   0.4023553E-01   0.3992318E-01   0.4023553E-01
  0.1383683E+00   0.1065260E-01   0.4024348E-01   0.3992318E-01   0.4024348E-01
  0.1401110E+00   0.1067105E-01   0.4025163E-01   0.3992318E-01   0.4025163E-01
  0.1418756E+00   0.1068997E-01   0.4025999E-01   0.3992318E-01   0.4025999E-01
  0.1436624E+00   0.1070937E-01   0.4026856E-01   0.3992318E-01   0.4026856E-01
  0.1454717E+00   0.1072926E-01   0.4027735E-01   0.3992318E-01   0.4027735E-01
  0.1473037E+00   0.1074966E-01   0.4028637E-01   0.3992318E-01   0.4028637E-01
  0.1491588E+00   0.1077056E-01   0.4029562E-01   0.3992318E-01   0.4029562E-01
  0.1510372E+00   0.1079200E-01   0.4030510E-01   0.3992318E-01   0.4030510E-01
  0.1529393E+00   0.1081397E-01   0.4031483E-01   0.3992318E-01   0.4031483E-01
  0.1548652E+00   0.1083650E-01   0.4032481E-01   0.3992318E-01   0.4032481E-01
  0.1568154E+00   0.1085960E-01   0.4033504E-01   0.3992318E-01   0.4033504E-01
  0.1587902E+00   0.1088328E-01   0.4034553E-01   0.3992318E-01   0.4034553E-01
  0.1607897E+00   0.1090755E-01   0.4035629E-01   0.3992318E-01   0.4035629E-01
  0.1628144E+00   0.1093244E-01   0.4036733E-01   0.3992318E-01   0.4036733E-01
  0.1648646E+00   0.1095796E-01   0.4037865E-01   0.3992318E-01   0.4037865E-01
  0.1669406E+00   0.1098411E-01   0.4039026E-01   0.3992318E-01   0.4039026E-01
  0.1690427E+00   0.1101093E-01   0.4040216E-01   0.3992318E-01   0.4040216E-01
  0.1711712E+00   0.1103843E-01   0.4041438E-01   0.3992318E-01   0.4041438E-01
  0.1733265E+00   0.1106661E-01   0.4042690E-01   0.3992318E-01   0.4042690E-01
  0.1755089E+00   0.1109551E-01   0.4043975E-01   0.3992318E-01   0.4043975E-01
  0.1777187E+00   0.1112514E-01   0.4045292E-01   0.3992318E-01   0.4045292E-01
  0.1799564E+00   0.1115551E-01   0.4046644E-01   0.3992318E-01   0.4046644E-01
  0.1822222E+00   0.1118664E-01   0.4048030E-01   0.3992318E-01   0.4048030E-01
  0.1845165E+00   0.1121856E-01   0.4049451E-01   0.3992318E-01   0.4049451E-01
  0.1868396E+00   0.1125129E-01   0.4050910E-01   0.3992318E-01   0.4050910E-01
  0.1891920E+00   0.1128483E-01   0.4052405E-01   0.3992318E-01   0.4052405E-01
  0.1915740E+00   0.1131922E-01   0.4053939E-01   0.3992318E-01   0.4053939E-01
  0.1939859E+00   0.1135448E-01   0.4055513E-01   0.3992318E-01   0.4055513E-01
  0.1964282E+00   0.1139062E-01   0.4057127E-01   0.3992318E-01   0.4057127E-01
  0.1989012E+00   0.1142768E-01   0.4058782E-01   0.3992318E-01   0.4058782E-01
  0.2014053E+00   0.1146566E-01   0.4060480E-01   0.3992318E-01   0.4060480E-01
  0.2039409E+00   0.1150460E-01   0.4062222E-01   0.3992318E-01   0.4062222E-01
  0.2065084E+00   0.1154452E-01   0.4064009E-01   0.3992318E-01   0.4064009E-01
  0.2091081E+00   0.1158544E-01   0.4065842E-01   0.3992318E-01   0.4065842E-01
  0.2117406E+00   0.1162739E-01   0.4067722E-01   0.3992318E-01   0.4067722E-01
  0.2144062E+00   0.1167039E-01   0.4069650E-01   0.3992318E-01   0.4069650E-01
  0.2171054E+00   0.1171448E-01   0.4071629E-01   0.3992318E-01   0.4071629E-01
  0.2198384E+00   0.1175967E-01   0.4073658E-01   0.3992318E-01   0.4073658E-01
  0.2226059E+00   0.1180600E-01   0.4075740E-01   0.3992318E-01   0.4075740E-01
  0.2254082E+00   0.1185349E-01   0.4077875E-01   0.3992318E-01   0.4077875E-01
  0.2282457E+00   0.1190217E-01   0.4080066E-01   0.3992318E-01   0.4080066E-01
  0.2311189E+00   0.1195207E-01   0.4082313E-01   0.3992318E-01   0.4082313E-01
  0.2340282E+00   0.1200323E-01   0.4084619E-01   0.3992318E-01   0.4084619E-01
  0.2369742E+00   0.1205567E-01   0.4086984E-01   0.3992318E-01   0.4086984E-01
  0.2399572E+00   0.1210942E-01   0.4089410E-01   0.3992318E-01   0.4089410E-01
  0.2429777E+00   0.1216452E-01   0.4091900E-01   0.3992318E-01   0.4091900E-01
  0.2460362E+00   0.1222100E-01   0.4094454E-01   0.3992318E-01   0.4094454E-01
  0.2491332E+00   0.1227890E-01   0.4097074E-01   0.3992318E-01   0.4097074E-01
  0.2522691E+00   0.1233825E-01   0.4099762E-01   0.3992318E-01   0.4099762E-01
  0.2554445E+00   0.1239908E-01   0.4102520E-01   0.3992318E-01   0.4102520E-01
  0.2586598E+00   0.1246144E-01   0.4105350E-01   0.3992318E-01   0.4105350E-01
  0.2619156E+00   0.1252536E-01   0.4108253E-01   0.3992318E-01   0.4108253E-01
  0.2652123E+00   0.1259088E-01   0.4111232E-01   0.3992318E-01   0.4111232E-01
  0.2685505E+00   0.1265803E-01   0.4114288E-01   0.3992318E-01   0.4114288E-01
  0.2719306E+00   0.1272687E-01   0.4117424E-01   0.3992318E-01   0.4117424E-01
  0.2753533E+00   0.1279743E-01   0.4120641E-01   0.3992318E-01   0.4120641E-01
  0.2788191E+00   0.1286975E-01   0.4123943E-01   0.3992318E-01   0.4123943E-01
  0.2823284E+00   0.1294388E-01   0.4127331E-01   0.3992318E-01   0.4127331E-01
  0.2858819E+00   0.1301986E-01   0.4130807E-01   0.3992318E-01   0.4130807E-01
  0.2894801E+00   0.1309773E-01   0.4134374E-01   0.3992318E-01   0.4134374E-01
  0.2931235E+00   0.1317755E-01   0.4138035E-01   0.3992318E-01   0.4138035E-01
  0.2968128E+00   0.1325937E-01   0.4141791E-01   0.3992318E-01   0.4141791E-01
  0.3005485E+00   0.1334322E-01   0.4145646E-01   0.3992318E-01   0.4145646E-01
  0.3043311E+00   0.1342916E-01   0.4149601E-01   0.3992319E-01   0.4149601E-01
  0.3081614E+00   0.1351725E-01   0.4153661E-01   0.3992319E-01   0.4153661E-01
  0.3120398E+00   0.1360753E-01   0.4157827E-01   0.3992319E-01   0.4157827E-01
  0.3159670E+00   0.1370005E-01   0.4162103E-01   0.3992319E-01   0.4162103E-01
  0.3199436E+00   0.1379488E-01   0.4166491E-01   0.3992319E-01   0.4166491E-01
  0.3239702E+00   0.1389208E-01   0.4170994E-01   0.3992319E-01   0.4170994E-01
  0.3280475E+00   0.1399168E-01   0.4175616E-01   0.3992319E-01   0.4175616E-01
  0.3321760E+00   0.1409377E-01   0.4180360E-01   0.3992319E-01   0.4180360E-01
  0.3363565E+00   0.1419839E-01   0.4185229E-01   0.3992319E-01   0.4185229E-01
  0.3405896E+00   0.1430561E-01   0.4190227E-01   0.3992319E-01   0.4190227E-01
  0.3448759E+00   0.1441549E-01   0.4195357E-01   0.3992319E-01   0.4195357E-01
  0.3492162E+00   0.1452810E-01   0.4200622E-01   0.3992319E-01   0.4200622E-01
  0.3536110E+00   0.1464350E-01   0.4206027E-01   0.3992319E-01   0.4206027E-01
  0.3580611E+00   0.1476176E-01   0.4211575E-01   0.3992319E-01   0.4211575E-01
  0.3625672E+00   0.1488295E-01   0.4217271E-01   0.3992319E-01   0.4217271E-01
  0.3671299E+00   0.1500714E-01   0.4223117E-01   0.3992319E-01   0.4223117E-01
  0.3717501E+00   0.1513441E-01   0.4229119E-01   0.3992319E-01   0.4229119E-01
  0.3764283E+00   0.1526482E-01   0.4235280E-01   0.3992319E-01   0.4235280E-01
  0.3811655E+00   0.1539846E-01   0.4241606E-01   0.3992319E-01   0.4241606E-01
  0.3859622E+00   0.1553539E-01   0.4248100E-01   0.3992319E-01   0.4248100E-01
  0.3908192E+00   0.1567571E-01   0.4254767E-01   0.3992319E-01   0.4254767E-01
  0.3957373E+00   0.1581949E-01   0.4261612E-01   0.3992319E-01   0.4261612E-01
  0.4007173E+00   0.1596681E-01   0.4268640E-01   0.3992319E-01   0.4268640E-01
  0.4057599E+00   0.1611777E-01   0.4275856E-01   0.3992319E-01   0.4275856E-01
  0.4108660E+00   0.1627243E-01   0.4283265E-01   0.3992319E-01   0.4283265E-01
  0.4160363E+00   0.1643091E-01   0.4290872E-01   0.3992319E-01   0.4290872E-01
  0.4212716E+00   0.1659327E-01   0.4298684E-01   0.3992319E-01   0.4298684E-01
  0.4265728E+00   0.1675963E-01   0.4306705E-01   0.3992320E-01   0.4306705E-01
  0.4319406E+00   0.1693006E-01   0.4314942E-01   0.3992320E-01   0.4314942E-01
  0.4373760E+00   0.1710468E-01   0.4323400E-01   0.3992320E-01   0.4323400E-01
  0.4428797E+00   0.1728357E-01   0.4332085E-01   0.3992320E-01   0.4332085E-01
  0.4484527E+00   0.1746683E-01   0.4341005E-01   0.3992320E-01   0.4341005E-01
  0.4540958E+00   0.1765458E-01   0.4350164E-01   0.3992320E-01   0.4350164E-01
  0.4598098E+00   0.1784691E-01   0.4359571E-01   0.3992320E-01   0.4359571E-01
  0.4655957E+00   0.1804393E-01   0.4369232E-01   0.3992320E-01   0.4369232E-01
  0.4714544E+00   0.1824576E-01   0.4379153E-01   0.3992320E-01   0.4379153E-01
  0.4773868E+00   0.1845249E-01   0.4389343E-01   0.3992320E-01   0.4389343E-01
  0.4833939E+00   0.1866425E-01   0.4399808E-01   0.3992320E-01   0.4399808E-01
  0.4894764E+00   0.1888114E-01   0.4410556E-01   0.3992320E-01   0.4410556E-01
  0.4956355E+00   0.1910329E-01   0.4421594E-01   0.3992321E-01   0.4421594E-01
  0.5018721E+00   0.1933082E-01   0.4432932E-01   0.3992321E-01   0.4432932E-01
  0.5081871E+00   0.1956385E-01   0.4444576E-01   0.3992321E-01   0.4444576E-01
  0.5145815E+00   0.1980249E-01   0.4456536E-01   0.3992321E-01   0.4456536E-01
  0.5210564E+00   0.2004689E-01   0.4468819E-01   0.3992321E-01   0.4468819E-01
  0.5276127E+00   0.2029716E-01   0.4481435E-01   0.3992321E-01   0.4481435E-01
  0.5342514E+00   0.2055343E-01   0.4494392E-01   0.3992321E-01   0.4494392E-01
  0.5409737E+00   0.2081584E-01   0.4507700E-01   0.3992321E-01   0.4507700E-01
  0.5477806E+00   0.2108452E-01   0.4521368E-01   0.3992321E-01   0.4521368E-01
  0.5546730E+00   0.2135960E-01   0.4535406E-01   0.3992321E-01   0.4535406E-01
  0.5616522E+00   0.2164122E-01   0.4549822E-01   0.3992322E-01   0.4549822E-01
  0.5687191E+00   0.2192952E-01   0.4564627E-01   0.3992322E-01   0.4564627E-01
  0.5758749E+00   0.2222464E-01   0.4579831E-01   0.3992322E-01   0.4579831E-01
  0.5831208E+00   0.2252672E-01   0.4595444E-01   0.3992322E-01   0.4595444E-01
  0.5904578E+00   0.2283590E-01   0.4611476E-01   0.3992322E-01   0.4611476E-01
  0.5978870E+00   0.2315231E-01   0.4627938E-01   0.3992322E-01   0.4627938E-01
  0.6054098E+00   0.2347612E-01   0.4644840E-01   0.3992322E-01   0.4644840E-01
  0.6130271E+00   0.2380745E-01   0.4662192E-01   0.3992322E-01   0.4662192E-01
  0.6207403E+00   0.2414645E-01   0.4680006E-01   0.3992322E-01   0.4680006E-01
  0.6285505E+00   0.2449327E-01   0.4698291E-01   0.3992322E-01   0.4698291E-01
  0.6364589E+00   0.2484803E-01   0.4717059E-01   0.3992322E-01   0.4717059E-01
  0.6444668E+00   0.2521090E-01   0.4736320E-01   0.3992322E-01   0.4736320E-01
  0.6525754E+00   0.2558199E-01   0.4756083E-01   0.3992322E-01   0.4756083E-01
  0.6607860E+00   0.2596146E-01   0.4776361E-01   0.3992322E-01   0.4776361E-01
  0.6690999E+00   0.2634942E-01   0.4797162E-01   0.3992322E-01   0.4797162E-01
  0.6775184E+00   0.2674601E-01   0.4818497E-01   0.3992323E-01   0.4818497E-01
  0.6860427E+00   0.2715136E-01   0.4840375E-01   0.3992323E-01   0.4840375E-01
  0.6946743E+00   0.2756559E-01   0.4862805E-01   0.3992324E-01   0.4862805E-01
  0.7034145E+00   0.2798880E-01   0.4885795E-01   0.3992324E-01   0.4885795E-01
  0.7122645E+00   0.2842110E-01   0.4909355E-01   0.3992324E-01   0.4909355E-01
  0.7212260E+00   0.2886259E-01   0.4933490E-01   0.3992324E-01   0.4933490E-01
  0.7303001E+00   0.2931336E-01   0.4958208E-01   0.3992324E-01   0.4958208E-01
  0.7394884E+00   0.2977348E-01   0.4983514E-01   0.3992324E-01   0.4983514E-01
  0.7487922E+00   0.3024302E-01   0.5009414E-01   0.3992324E-01   0.5009414E-01
  0.7582131E+00   0.3072202E-01   0.5035909E-01   0.3992324E-01   0.5035909E-01
  0.7677525E+00   0.3121053E-01   0.5063002E-01   0.3992324E-01   0.5063002E-01
  0.7774118E+00   0.3170855E-01   0.5090694E-01   0.3992324E-01   0.5090694E-01
  0.7871927E+00   0.3221607E-01   0.5118982E-01   0.3992325E-01   0.5118982E-01
  0.7970966E+00   0.3273309E-01   0.5147865E-01   0.3992325E-01   0.5147865E-01
  0.8071251E+00   0.3325953E-01   0.5177335E-01   0.3992326E-01   0.5177335E-01
  0.8172797E+00   0.3379532E-01   0.5207386E-01   0.3992326E-01   0.5207386E-01
  0.8275620E+00   0.3434035E-01   0.5238006E-01   0.3992326E-01   0.5238006E-01
  0.8379737E+00   0.3489448E-01   0.5269181E-01   0.3992326E-01   0.5269181E-01
  0.8485163E+00   0.3545753E-01   0.5300895E-01   0.3992326E-01   0.5300895E-01
  0.8591916E+00   0.3602928E-01   0.5333128E-01   0.3992326E-01   0.5333128E-01
  0.8700011E+00   0.3660946E-01   0.5365853E-01   0.3992326E-01   0.5365853E-01
  0.8809466E+00   0.3719777E-01   0.5399043E-01   0.3992326E-01   0.5399043E-01
  0.8920297E+00   0.3779383E-01   0.5432664E-01   0.3992326E-01   0.5432664E-01
  0.9032523E+00   0.3839724E-01   0.5466676E-01   0.3992328E-01   0.5466676E-01
  0.9146161E+00   0.3900752E-01   0.5501037E-01   0.3992328E-01   0.5501037E-01
  0.9261227E+00   0.3962411E-01   0.5535695E-01   0.3992328E-01   0.5535695E-01
  0.9377742E+00   0.4024642E-01   0.5570594E-01   0.3992328E-01   0.5570594E-01
  0.9495721E+00   0.4087376E-01   0.5605671E-01   0.3992328E-01   0.5605671E-01
  0.9615185E+00   0.4150536E-01   0.5640856E-01   0.3992328E-01   0.5640856E-01
  0.9736152E+00   0.4214039E-01   0.5676070E-01   0.3992329E-01   0.5676070E-01
  0.9858640E+00   0.4277790E-01   0.5711228E-01   0.3992329E-01   0.5711228E-01
  0.9982668E+00   0.4341689E-01   0.5746235E-01   0.3992329E-01   0.5746235E-01
  0.1010826E+01   0.4405622E-01   0.5780988E-01   0.3992330E-01   0.5780988E-01
  0.1023543E+01   0.4469469E-01   0.5815376E-01   0.3992331E-01   0.5815376E-01
  0.1036419E+01   0.4533099E-01   0.5849276E-01   0.3992331E-01   0.5849276E-01
  0.1049458E+01   0.4596368E-01   0.5882559E-01   0.3992331E-01   0.5882559E-01
  0.1062661E+01   0.4659125E-01   0.5915083E-01   0.3992331E-01   0.5915083E-01
  0.1076030E+01   0.4721207E-01   0.5946699E-01   0.3992331E-01   0.5946699E-01
  0.1089567E+01   0.4782440E-01   0.5977247E-01   0.3992331E-01   0.5977247E-01
  0.1103274E+01   0.4842639E-01   0.6006557E-01   0.3992332E-01   0.6006557E-01
  0.1117154E+01   0.4901612E-01   0.6034453E-01   0.3992333E-01   0.6034453E-01
  0.1131208E+01   0.4959154E-01   0.6060747E-01   0.3992333E-01   0.6060747E-01
  0.1145439E+01   0.5015052E-01   0.6085245E-01   0.3992334E-01   0.6085245E-01
  0.1159849E+01   0.5069084E-01   0.6107745E-01   0.3992334E-01   0.6107745E-01
  0.1174441E+01   0.5121022E-01   0.6128038E-01   0.3992334E-01   0.6128038E-01
  0.1189215E+01   0.5170632E-01   0.6145912E-01   0.3992334E-01   0.6145912E-01
  0.1204176E+01   0.5217671E-01   0.6161149E-01   0.3992334E-01   0.6161149E-01
  0.1219325E+01   0.5261899E-01   0.6173531E-01   0.3992335E-01   0.6173531E-01
  0.1234665E+01   0.5303068E-01   0.6182836E-01   0.3992337E-01   0.6182836E-01
  0.1250197E+01   0.5340935E-01   0.6188848E-01   0.3992337E-01   0.6188848E-01
  0.1265925E+01   0.5375256E-01   0.6191351E-01   0.3992337E-01   0.6191351E-01
  0.1281850E+01   0.5405795E-01   0.6190136E-01   0.3992337E-01   0.6190136E-01
  0.1297976E+01   0.5432319E-01   0.6185001E-01   0.3992338E-01   0.6185001E-01
  0.1314305E+01   0.5454608E-01   0.6175757E-01   0.3992338E-01   0.6175757E-01
  0.1330839E+01   0.5472452E-01   0.6162225E-01   0.3992338E-01   0.6162225E-01
  0.1347581E+01   0.5485658E-01   0.6144243E-01   0.3992340E-01   0.6144243E-01
  0.1364534E+01   0.5494048E-01   0.6121666E-01   0.3992340E-01   0.6121666E-01
  0.1381700E+01   0.5497465E-01   0.6094372E-01   0.3992341E-01   0.6094372E-01
  0.1399082E+01   0.5495775E-01   0.6062258E-01   0.3992341E-01   0.6062258E-01
  0.1416682E+01   0.5488866E-01   0.6025247E-01   0.3992341E-01   0.6025247E-01
  0.1434504E+01   0.5476656E-01   0.5983289E-01   0.3992342E-01   0.5983289E-01
  0.1452550E+01   0.5459087E-01   0.5936362E-01   0.3992344E-01   0.5936362E-01
  0.1470823E+01   0.5436133E-01   0.5884470E-01   0.3992344E-01   0.5884470E-01
  0.1489326E+01   0.5407797E-01   0.5827649E-01   0.3992345E-01   0.5827649E-01
  0.1508062E+01   0.5374112E-01   0.5765965E-01   0.3992345E-01   0.5765965E-01
  0.1527033E+01   0.5335143E-01   0.5699510E-01   0.3992345E-01   0.5699510E-01
  0.1546243E+01   0.5290980E-01   0.5628408E-01   0.3992346E-01   0.5628408E-01
  0.1565695E+01   0.5241748E-01   0.5552809E-01   0.3992348E-01   0.5552809E-01
  0.1585391E+01   0.5187593E-01   0.5472887E-01   0.3992349E-01   0.5472887E-01
  0.1605335E+01   0.5128689E-01   0.5388841E-01   0.3992349E-01   0.5388841E-01
  0.1625530E+01   0.5065231E-01   0.5300889E-01   0.3992349E-01   0.5300889E-01
  0.1645979E+01   0.4997433E-01   0.5209269E-01   0.3992350E-01   0.5209269E-01
  0.1666685E+01   0.4925525E-01   0.5114231E-01   0.3992350E-01   0.5114231E-01
  0.1687651E+01   0.4849751E-01   0.5016037E-01   0.3992353E-01   0.5016037E-01
  0.1708881E+01   0.4770365E-01   0.4914956E-01   0.3992353E-01   0.4914956E-01
  0.1730379E+01   0.4687624E-01   0.4811265E-01   0.3992354E-01   0.4811265E-01
  0.1752147E+01   0.4601793E-01   0.4705238E-01   0.3992354E-01   0.4705238E-01
  0.1774188E+01   0.4513134E-01   0.4597151E-01   0.3992355E-01   0.4597151E-01
  0.1796507E+01   0.4421909E-01   0.4487277E-01   0.3992358E-01   0.4487277E-01
  0.1819106E+01   0.4328379E-01   0.4375884E-01   0.3992358E-01   0.4375884E-01
  0.1841990E+01   0.4232802E-01   0.4263236E-01   0.3992359E-01   0.4263236E-01
  0.1865162E+01   0.4135430E-01   0.4149592E-01   0.3992359E-01   0.4149592E-01
  0.1888625E+01   0.4036515E-01   0.4035205E-01   0.3992360E-01   0.4035205E-01
  0.1912383E+01   0.3936302E-01   0.3920323E-01   0.3992363E-01   0.3920323E-01
  0.1936440E+01   0.3835030E-01   0.3805183E-01   0.3992364E-01   0.3805183E-01
  0.1960800E+01   0.3732934E-01   0.3690018E-01   0.3992364E-01   0.3690018E-01
  0.1985466E+01   0.3630242E-01   0.3575050E-01   0.3992365E-01   0.3575050E-01
  0.2010442E+01   0.3527173E-01   0.3460494E-01   0.3992369E-01   0.3460494E-01
  0.2035732E+01   0.3423940E-01   0.3346554E-01   0.3992369E-01   0.3346554E-01
  0.2061341E+01   0.3320749E-01   0.3233426E-01   0.3992370E-01   0.3233426E-01
  0.2087272E+01   0.3217795E-01   0.3121295E-01   0.3992370E-01   0.3121295E-01
  0.2113529E+01   0.3115267E-01   0.3010334E-01   0.3992371E-01   0.3010334E-01
  0.2140116E+01   0.3013343E-01   0.2900709E-01   0.3992375E-01   0.2900709E-01
  0.2167037E+01   0.2912194E-01   0.2792572E-01   0.3992376E-01   0.2792572E-01
  0.2194298E+01   0.2811979E-01   0.2686067E-01   0.3992376E-01   0.2686067E-01
  0.2221901E+01   0.2712849E-01   0.2581325E-01   0.3992377E-01   0.2581325E-01
  0.2249851E+01   0.2614946E-01   0.2478466E-01   0.3992381E-01   0.2478466E-01
  0.2278153E+01   0.2518402E-01   0.2377601E-01   0.3992382E-01   0.2377601E-01
  0.2306811E+01   0.2423337E-01   0.2278830E-01   0.3992383E-01   0.2278830E-01
  0.2335829E+01   0.2329866E-01   0.2182242E-01   0.3992384E-01   0.2182242E-01
  0.2365212E+01   0.2238089E-01   0.2087914E-01   0.3992388E-01   0.2087914E-01
  0.2394965E+01   0.2148102E-01   0.1995915E-01   0.3992389E-01   0.1995915E-01
  0.2425092E+01   0.2059989E-01   0.1906304E-01   0.3992390E-01   0.1906304E-01
  0.2455599E+01   0.1973823E-01   0.1819131E-01   0.3992391E-01   0.1819131E-01
  0.2486489E+01   0.1889673E-01   0.1734434E-01   0.3992396E-01   0.1734434E-01
  0.2517767E+01   0.1807594E-01   0.1652245E-01   0.3992397E-01   0.1652245E-01
  0.2549439E+01   0.1727637E-01   0.1572585E-01   0.3992398E-01   0.1572585E-01
  0.2581509E+01   0.1649841E-01   0.1495470E-01   0.3992403E-01   0.1495470E-01
  0.2613983E+01   0.1574241E-01   0.1420905E-01   0.3992404E-01   0.1420905E-01
  0.2646865E+01   0.1500861E-01   0.1348889E-01   0.3992405E-01   0.1348889E-01
  0.2680160E+01   0.1429719E-01   0.1279415E-01   0.3992410E-01   0.1279415E-01
  0.2713875E+01   0.1360828E-01   0.1212470E-01   0.3992411E-01   0.1212470E-01
  0.2748013E+01   0.1294191E-01   0.1148031E-01   0.3992413E-01   0.1148031E-01
  0.2782581E+01   0.1229808E-01   0.1086075E-01   0.3992414E-01   0.1086075E-01
  0.2817584E+01   0.1167671E-01   0.1026571E-01   0.3992419E-01   0.1026571E-01
  0.2853027E+01   0.1107768E-01   0.9694821E-02   0.3992421E-01   0.9694821E-02
  0.2888916E+01   0.1050081E-01   0.9147698E-02   0.3992422E-01   0.9147698E-02
  0.2925256E+01   0.9945877E-02   0.8623906E-02   0.3992428E-01   0.8623906E-02
  0.2962054E+01   0.9412610E-02   0.8122974E-02   0.3992430E-01   0.8122974E-02
  0.2999314E+01   0.8900702E-02   0.7644406E-02   0.3992431E-01   0.7644406E-02
  0.3037043E+01   0.8409809E-02   0.7187675E-02   0.3992437E-01   0.7187675E-02
  0.3075247E+01   0.7939552E-02   0.6752233E-02   0.3992439E-01   0.6752233E-02
  0.3113931E+01   0.7489523E-02   0.6337513E-02   0.3992440E-01   0.6337513E-02
  0.3153101E+01   0.7059288E-02   0.5942931E-02   0.3992447E-01   0.5942931E-02
  0.3192765E+01   0.6648389E-02   0.5567891E-02   0.3992449E-01   0.5567891E-02
  0.3232927E+01   0.6256345E-02   0.5211785E-02   0.3992450E-01   0.5211785E-02
  0.3273594E+01   0.5882662E-02   0.4873998E-02   0.3992458E-01   0.4873998E-02
  0.3314773E+01   0.5526829E-02   0.4553913E-02   0.3992459E-01   0.4553913E-02
  0.3356470E+01   0.5188322E-02   0.4250906E-02   0.3992467E-01   0.4250906E-02
  0.3398692E+01   0.4866610E-02   0.3964356E-02   0.3992469E-01   0.3964356E-02
  0.3441444E+01   0.4561152E-02   0.3693642E-02   0.3992471E-01   0.3693642E-02
  0.3484735E+01   0.4271405E-02   0.3438149E-02   0.3992479E-01   0.3438149E-02
  0.3528569E+01   0.3996821E-02   0.3197265E-02   0.3992481E-01   0.3197265E-02
  0.3572955E+01   0.3736852E-02   0.2970384E-02   0.3992483E-01   0.2970384E-02
  0.3617900E+01   0.3490953E-02   0.2756911E-02   0.3992491E-01   0.2756911E-02
  0.3663410E+01   0.3258578E-02   0.2556259E-02   0.3992493E-01   0.2556259E-02
  0.3709492E+01   0.3039190E-02   0.2367853E-02   0.3992502E-01   0.2367853E-02
  0.3756154E+01   0.2832254E-02   0.2191127E-02   0.3992504E-01   0.2191127E-02
  0.3803403E+01   0.2637244E-02   0.2025531E-02   0.3992514E-01   0.2025531E-02
  0.3851246E+01   0.2453642E-02   0.1870525E-02   0.3992516E-01   0.1870525E-02
  0.3899691E+01   0.2280940E-02   0.1725585E-02   0.3992518E-01   0.1725585E-02
  0.3948745E+01   0.2118640E-02   0.1590202E-02   0.3992528E-01   0.1590202E-02
  0.3998416E+01   0.1966254E-02   0.1463879E-02   0.3992531E-01   0.1463879E-02
  0.4048712E+01   0.1823308E-02   0.1346137E-02   0.3992541E-01   0.1346137E-02
  0.4099641E+01   0.1689340E-02   0.1236514E-02   0.3992544E-01   0.1236514E-02
  0.4151211E+01   0.1563899E-02   0.1134559E-02   0.3992554E-01   0.1134559E-02
  0.4203429E+01   0.1446550E-02   0.1039843E-02   0.3992557E-01   0.1039843E-02
  0.4256304E+01   0.1336871E-02   0.9519480E-03   0.3992568E-01   0.9519480E-03
  0.4309844E+01   0.1234454E-02   0.8704754E-03   0.3992571E-01   0.8704754E-03
  0.4364057E+01   0.1138905E-02   0.7950414E-03   0.3992583E-01   0.7950414E-03
  0.4418952E+01   0.1049845E-02   0.7252787E-03   0.3992586E-01   0.7252787E-03
  0.4474538E+01   0.9669095E-03   0.6608357E-03   0.3992598E-01   0.6608357E-03
  0.4530823E+01   0.8897473E-03   0.6013766E-03   0.3992602E-01   0.6013766E-03
  0.4587816E+01   0.8180226E-03   0.5465811E-03   0.3992614E-01   0.5465811E-03
  0.4645526E+01   0.7514134E-03   0.4961440E-03   0.3992618E-01   0.4961440E-03
  0.4703962E+01   0.6896121E-03   0.4497753E-03   0.3992631E-01   0.4497753E-03
  0.4763132E+01   0.6323245E-03   0.4071993E-03   0.3992635E-01   0.4071993E-03
  0.4823047E+01   0.5792704E-03   0.3681547E-03   0.3992649E-01   0.3681547E-03
  0.4883716E+01   0.5301827E-03   0.3323941E-03   0.3992653E-01   0.3323941E-03
  0.4945148E+01   0.4848074E-03   0.2996835E-03   0.3992667E-01   0.2996835E-03
  0.5007352E+01   0.4429034E-03   0.2698020E-03   0.3992672E-01   0.2698020E-03
  0.5070339E+01   0.4042417E-03   0.2425412E-03   0.3992687E-01   0.2425412E-03
  0.5134119E+01   0.3686054E-03   0.2177050E-03   0.3992691E-01   0.2177050E-03
  0.5198700E+01   0.3357894E-03   0.1951090E-03   0.3992707E-01   0.1951090E-03
  0.5264094E+01   0.3055995E-03   0.1745801E-03   0.3992723E-01   0.1745801E-03
  0.5330310E+01   0.2778528E-03   0.1559558E-03   0.3992728E-01   0.1559558E-03
  0.5397360E+01   0.2523764E-03   0.1390843E-03   0.3992744E-01   0.1390843E-03
  0.5465252E+01   0.2290077E-03   0.1238234E-03   0.3992750E-01   0.1238234E-03
  0.5533999E+01   0.2075937E-03   0.1100405E-03   0.3992767E-01   0.1100405E-03
  0.5603610E+01   0.1879907E-03   0.9761192E-04   0.3992785E-01   0.9761192E-04
  0.5674097E+01   0.1700637E-03   0.8642260E-04   0.3992791E-01   0.8642260E-04
  0.5745471E+01   0.1536861E-03   0.7636551E-04   0.3992810E-01   0.7636551E-04
  0.5817742E+01   0.1387397E-03   0.6734136E-04   0.3992829E-01   0.6734136E-04
  0.5890923E+01   0.1251135E-03   0.5925807E-04   0.3992835E-01   0.5925807E-04
  0.5965024E+01   0.1127041E-03   0.5203048E-04   0.3992855E-01   0.5203048E-04
  0.6040056E+01   0.1014149E-03   0.4557987E-04   0.3992876E-01   0.4557987E-04
  0.6116033E+01   0.9115580E-04   0.3983362E-04   0.3992883E-01   0.3983362E-04
  0.6192966E+01   0.8184307E-04   0.3472483E-04   0.3992905E-01   0.3472483E-04
  0.6270866E+01   0.7339872E-04   0.3019196E-04   0.3992927E-01   0.3019196E-04
  0.6349746E+01   0.6575032E-04   0.2617850E-04   0.3992934E-01   0.2617850E-04
  0.6429618E+01   0.5883070E-04   0.2263265E-04   0.3992957E-01   0.2263265E-04
  0.6510495E+01   0.5257757E-04   0.1950699E-04   0.3992981E-01   0.1950699E-04
  0.6592389E+01   0.4693329E-04   0.1675818E-04   0.3993006E-01   0.1675818E-04
  0.6675313E+01   0.4184456E-04   0.1434671E-04   0.3993014E-01   0.1434671E-04
  0.6759281E+01   0.3726214E-04   0.1223657E-04   0.3993040E-01   0.1223657E-04
  0.6844304E+01   0.3314063E-04   0.1039505E-04   0.3993066E-01   0.1039505E-04
  0.6930397E+01   0.2943818E-04   0.8792471E-05   0.3993093E-01   0.8792471E-05
  0.7017573E+01   0.2611630E-04   0.7401951E-05   0.3993103E-01   0.7401951E-05
  0.7105846E+01   0.2313959E-04   0.6199197E-05   0.3993131E-01   0.6199197E-05
  0.7195228E+01   0.2047557E-04   0.5162296E-05   0.3993160E-01   0.5162296E-05
  0.7285735E+01   0.1809445E-04   0.4271520E-05   0.3993190E-01   0.4271520E-05
  0.7377381E+01   0.1596897E-04   0.3509154E-05   0.4107167E-01   0.3509154E-05
  0.7470179E+01   0.1407417E-04   0.2859316E-05   0.4108611E-01   0.2859316E-05
  0.7564145E+01   0.1238727E-04   0.2307805E-05   0.3993264E-01   0.2307805E-05
  0.7659292E+01   0.1088750E-04   0.1841953E-05   0.3993297E-01   0.1841953E-05
  0.7755636E+01   0.9555928E-05   0.1450483E-05   0.3993330E-01   0.1450483E-05
  0.7853192E+01   0.8375329E-05   0.1123387E-05   0.3993365E-01   0.1123387E-05
  0.7951976E+01   0.7330061E-05   0.8518003E-06   0.3993401E-01   0.8518003E-06
  0.8052001E+01   0.6405931E-05   0.6278988E-06   0.3993438E-01   0.6278988E-06
  0.8153285E+01   0.5590079E-05   0.4447920E-06   0.3993476E-01   0.4447920E-06
  0.8255843E+01   0.4870874E-05   0.2964315E-06   0.3993490E-01   0.2964315E-06
  0.8359691E+01   0.4237805E-05   0.1775247E-06   0.3993530E-01   0.1775247E-06
  0.8464845E+01   0.3681394E-05   0.8345546E-07   0.3993570E-01   0.8345546E-07
  0.8571322E+01   0.3193101E-05   0.1021166E-07   0.3993612E-01   0.1021166E-07
  0.8679139E+01   0.2765247E-05   0.0000000E+00   0.3993655E-01   0.0000000E+00
  0.8788311E+01   0.2390936E-05   0.0000000E+00   0.3993699E-01   0.0000000E+00
  0.8898856E+01   0.2063985E-05   0.0000000E+00   0.3993744E-01   0.0000000E+00
  0.9010793E+01   0.1778857E-05   0.0000000E+00   0.3993791E-01   0.0000000E+00
  0.9124137E+01   0.1530605E-05   0.0000000E+00   0.3993839E-01   0.0000000E+00
  0.9238906E+01   0.1314815E-05   0.0000000E+00   0.3993888E-01   0.0000000E+00
  0.9355120E+01   0.1127553E-05   0.0000000E+00   0.4110769E-01   0.0000000E+00
  0.9472795E+01   0.9653200E-06   0.0000000E+00   0.3993991E-01   0.0000000E+00
  0.9591950E+01   0.8250097E-06   0.0000000E+00   0.3994044E-01   0.0000000E+00
  0.9712604E+01   0.7038686E-06   0.0000000E+00   0.3994099E-01   0.0000000E+00
  0.9834776E+01   0.5994598E-06   0.0000000E+00   0.3994190E-01   0.0000000E+00
  0.9958484E+01   0.5096308E-06   0.0000000E+00   0.3994249E-01   0.0000000E+00
  0.1008375E+02   0.4324833E-06   0.0000000E+00   0.3994310E-01   0.0000000E+00
  0.1021059E+02   0.3663467E-06   0.0000000E+00   0.3994372E-01   0.0000000E+00
  0.1033902E+02   0.3097527E-06   0.0000000E+00   0.3994436E-01   0.0000000E+00
  0.1046908E+02   0.2614141E-06   0.0000000E+00   0.3994502E-01   0.0000000E+00
  0.1060076E+02   0.2202036E-06   0.0000000E+00   0.4109949E-01   0.0000000E+00
  0.1073411E+02   0.1851365E-06   0.0000000E+00   0.3994681E-01   0.0000000E+00
  0.1086913E+02   0.1553541E-06   0.0000000E+00   0.3994753E-01   0.0000000E+00
  0.1100585E+02   0.1301088E-06   0.0000000E+00   0.3994828E-01   0.0000000E+00
  0.1114428E+02   0.1087513E-06   0.0000000E+00   0.3994904E-01   0.0000000E+00
  0.1128447E+02   0.9071857E-07   0.0000000E+00   0.3995029E-01   0.0000000E+00
  0.1142641E+02   0.7552350E-07   0.0000000E+00   0.3995111E-01   0.0000000E+00
  0.1157014E+02   0.6274547E-07   0.0000000E+00   0.4107726E-01   0.0000000E+00
  0.1171567E+02   0.5202197E-07   0.0000000E+00   0.3995282E-01   0.0000000E+00
  0.1186304E+02   0.4304130E-07   0.0000000E+00   0.3995423E-01   0.0000000E+00
  0.1201226E+02   0.3553593E-07   0.0000000E+00   0.3995516E-01   0.0000000E+00
  0.1216336E+02   0.2927680E-07   0.0000000E+00   0.3995611E-01   0.0000000E+00
  0.1231636E+02   0.2406813E-07   0.0000000E+00   0.3995765E-01   0.0000000E+00
  0.1247128E+02   0.1974301E-07   0.0000000E+00   0.3995867E-01   0.0000000E+00
  0.1262815E+02   0.1615942E-07   0.0000000E+00   0.3996032E-01   0.0000000E+00
  0.1278700E+02   0.1319681E-07   0.0000000E+00   0.3996141E-01   0.0000000E+00
  0.1294784E+02   0.1075305E-07   0.0000000E+00   0.4104642E-01   0.0000000E+00
  0.1311071E+02   0.8741837E-08   0.0000000E+00   0.3996434E-01   0.0000000E+00
  0.1327562E+02   0.7090399E-08   0.0000000E+00   0.3996554E-01   0.0000000E+00
  0.1344261E+02   0.5737519E-08   0.0000000E+00   0.4102460E-01   0.0000000E+00
  0.1361170E+02   0.4631817E-08   0.0000000E+00   0.3996875E-01   0.0000000E+00
  0.1378292E+02   0.3730274E-08   0.0000000E+00   0.3997082E-01   0.0000000E+00
  0.1395629E+02   0.2996953E-08   0.0000000E+00   0.4101617E-01   0.0000000E+00
  0.1413184E+02   0.2401912E-08   0.0000000E+00   0.3997439E-01   0.0000000E+00
  0.1430959E+02   0.1920258E-08   0.0000000E+00   0.4099489E-01   0.0000000E+00
  0.1448959E+02   0.1531353E-08   0.0000000E+00   0.3997820E-01   0.0000000E+00
  0.1467185E+02   0.1218123E-08   0.0000000E+00   0.4098621E-01   0.0000000E+00
  0.1485640E+02   0.9664838E-09   0.0000000E+00   0.3998319E-01   0.0000000E+00
  0.1504327E+02   0.7648430E-09   0.0000000E+00   0.4097796E-01   0.0000000E+00
  0.1523250E+02   0.6036861E-09   0.0000000E+00   0.3998760E-01   0.0000000E+00
  0.1542410E+02   0.4752233E-09   0.0000000E+00   0.3999042E-01   0.0000000E+00
  0.1561811E+02   0.3730940E-09   0.0000000E+00   0.3999231E-01   0.0000000E+00
  0.1581457E+02   0.2921185E-09   0.0000000E+00   0.3999532E-01   0.0000000E+00
  0.1601349E+02   0.2280899E-09   0.0000000E+00   0.3999845E-01   0.0000000E+00
  0.1621492E+02   0.1776008E-09   0.0000000E+00   0.4000171E-01   0.0000000E+00
  0.1641888E+02   0.1378990E-09   0.0000000E+00   0.4092640E-01   0.0000000E+00
  0.1662541E+02   0.1067677E-09   0.0000000E+00   0.4000736E-01   0.0000000E+00
  0.1683453E+02   0.8242651E-10   0.0000000E+00   0.4001097E-01   0.0000000E+00
  0.1704629E+02   0.6344925E-10   0.0000000E+00   0.4091329E-01   0.0000000E+00
  0.1726070E+02   0.4869715E-10   0.0000000E+00   0.4090603E-01   0.0000000E+00
  0.1747782E+02   0.3726340E-10   0.0000000E+00   0.4089906E-01   0.0000000E+00
  0.1769766E+02   0.2842807E-10   0.0000000E+00   0.4002690E-01   0.0000000E+00
  0.1792028E+02   0.2162133E-10   0.0000000E+00   0.4003128E-01   0.0000000E+00
  0.1814569E+02   0.1639348E-10   0.0000000E+00   0.4087996E-01   0.0000000E+00
  0.1837393E+02   0.1239075E-10   0.0000000E+00   0.4004057E-01   0.0000000E+00
  0.1860505E+02   0.9335644E-11   0.0000000E+00   0.4086877E-01   0.0000000E+00
  0.1883908E+02   0.7011239E-11   0.0000000E+00   0.4086366E-01   0.0000000E+00
  0.1907605E+02   0.5248458E-11   0.0000000E+00   0.4005593E-01   0.0000000E+00
  0.1931600E+02   0.3915955E-11   0.0000000E+00   0.4085442E-01   0.0000000E+00
  0.1955896E+02   0.2912024E-11   0.0000000E+00   0.4084262E-01   0.0000000E+00
  0.1980499E+02   0.2158170E-11   0.0000000E+00   0.4083906E-01   0.0000000E+00
  0.2005410E+02   0.1594012E-11   0.0000000E+00   0.4159016E-01   0.0000000E+00
  0.2030636E+02   0.1173260E-11   0.0000000E+00   0.4083301E-01   0.0000000E+00
  0.2056178E+02   0.8605481E-12   0.0000000E+00   0.4155034E-01   0.0000000E+00
  0.2082042E+02   0.6289485E-12   0.0000000E+00   0.4082191E-01   0.0000000E+00
  0.2108231E+02   0.4580310E-12   0.0000000E+00   0.4082043E-01   0.0000000E+00
  0.2134749E+02   0.3323495E-12   0.0000000E+00   0.4150445E-01   0.0000000E+00
  0.2161602E+02   0.2402680E-12   0.0000000E+00   0.4149538E-01   0.0000000E+00
  0.2188791E+02   0.1730523E-12   0.0000000E+00   0.4147308E-01   0.0000000E+00
  0.2216323E+02   0.1241708E-12   0.0000000E+00   0.4146542E-01   0.0000000E+00
  0.2244201E+02   0.8875670E-13   0.0000000E+00   0.4145830E-01   0.0000000E+00
  0.2272430E+02   0.6319778E-13   0.0000000E+00   0.4143918E-01   0.0000000E+00
  0.2301014E+02   0.4482295E-13   0.0000000E+00   0.4203907E-01   0.0000000E+00
  0.2329957E+02   0.3166470E-13   0.0000000E+00   0.4141677E-01   0.0000000E+00
  0.2359265E+02   0.2227949E-13   0.0000000E+00   0.4199636E-01   0.0000000E+00
  0.2388941E+02   0.1561234E-13   0.0000000E+00   0.4139835E-01   0.0000000E+00
  0.2418990E+02   0.1089535E-13   0.0000000E+00   0.4195852E-01   0.0000000E+00
  0.2449418E+02   0.7571859E-14   0.0000000E+00   0.4249193E-01   0.0000000E+00
  0.2480228E+02   0.5239973E-14   0.0000000E+00   0.4245476E-01   0.0000000E+00
  0.2511425E+02   0.3610752E-14   0.0000000E+00   0.4244169E-01   0.0000000E+00
  0.2543016E+02   0.2477336E-14   0.0000000E+00   0.4240818E-01   0.0000000E+00
  0.2575003E+02   0.1692259E-14   0.0000000E+00   0.4237702E-01   0.0000000E+00
  0.2607393E+02   0.1150853E-14   0.0000000E+00   0.4284748E-01   0.0000000E+00
  0.2640190E+02   0.7791468E-15   0.0000000E+00   0.4280872E-01   0.0000000E+00
  0.2673400E+02   0.5250982E-15   0.0000000E+00   0.4324758E-01   0.0000000E+00
  0.2707027E+02   0.3522562E-15   0.0000000E+00   0.4320250E-01   0.0000000E+00
  0.2741078E+02   0.2352059E-15   0.0000000E+00   0.4316048E-01   0.0000000E+00
  0.2775556E+02   0.1563089E-15   0.0000000E+00   0.4356217E-01   0.0000000E+00
  0.2810469E+02   0.1033806E-15   0.0000000E+00   0.4351544E-01   0.0000000E+00
  0.2845820E+02   0.6804375E-16   0.0000000E+00   0.4347211E-01   0.0000000E+00
  0.2881617E+02   0.4456607E-16   0.0000000E+00   0.4421256E-01   0.0000000E+00
  0.2917863E+02   0.2904428E-16   0.0000000E+00   0.4455125E-01   0.0000000E+00
  0.2954566E+02   0.1883343E-16   0.0000000E+00   0.4487450E-01   0.0000000E+00
  0.2991729E+02   0.1215020E-16   0.0000000E+00   0.4480853E-01   0.0000000E+00
  0.3029361E+02   0.7798206E-17   0.0000000E+00   0.4506844E-01   0.0000000E+00
  0.3067466E+02   0.4978914E-17   0.0000000E+00   0.4535633E-01   0.0000000E+00
  0.3106050E+02   0.3162093E-17   0.0000000E+00   0.4558373E-01   0.0000000E+00
  0.3145120E+02   0.1997494E-17   0.0000000E+00   0.4617569E-01   0.0000000E+00
  0.3184681E+02   0.1254983E-17   0.0000000E+00   0.4636310E-01   0.0000000E+00
  0.3224739E+02   0.7841555E-18   0.0000000E+00   0.4690425E-01   0.0000000E+00
  0.3265302E+02   0.4872456E-18   0.0000000E+00   0.4735657E-01   0.0000000E+00
  0.3306374E+02   0.3010541E-18   0.0000000E+00   0.4777743E-01   0.0000000E+00
  0.3347964E+02   0.1849530E-18   0.0000000E+00   0.4823988E-01   0.0000000E+00
  0.3390076E+02   0.1129709E-18   0.0000000E+00   0.4887816E-01   0.0000000E+00
  0.3432718E+02   0.6860075E-19   0.0000000E+00   0.4921107E-01   0.0000000E+00
  0.3475897E+02   0.4141102E-19   0.0000000E+00   0.5002378E-01   0.0000000E+00
  0.3519618E+02   0.2484822E-19   0.0000000E+00   0.5053760E-01   0.0000000E+00
  0.3563890E+02   0.1481951E-19   0.0000000E+00   0.5124912E-01   0.0000000E+00
  0.3608718E+02   0.8784123E-20   0.0000000E+00   0.5191120E-01   0.0000000E+00
  0.3654111E+02   0.5174341E-20   0.0000000E+00   0.5295982E-01   0.0000000E+00
  0.3700074E+02   0.3028794E-20   0.0000000E+00   0.5372659E-01   0.0000000E+00
  0.3746615E+02   0.1761602E-20   0.0000000E+00   0.5464092E-01   0.0000000E+00
  0.3793742E+02   0.1017967E-20   0.0000000E+00   0.5549123E-01   0.0000000E+00
  0.3841462E+02   0.5844034E-21   0.0000000E+00   0.5687950E-01   0.0000000E+00
  0.3889782E+02   0.3332793E-21   0.0000000E+00   0.5776197E-01   0.0000000E+00
  0.3938709E+02   0.1887923E-21   0.0000000E+00   0.5909496E-01   0.0000000E+00
  0.3988252E+02   0.1062194E-21   0.0000000E+00   0.6048520E-01   0.0000000E+00
  0.4038419E+02   0.5935118E-22   0.0000000E+00   0.6177352E-01   0.0000000E+00
  0.4089216E+02   0.3293240E-22   0.0000000E+00   0.6352059E-01   0.0000000E+00
  0.4140652E+02   0.1814460E-22   0.0000000E+00   0.6517390E-01   0.0000000E+00
  0.4192735E+02   0.9925734E-23   0.0000000E+00   0.6702868E-01   0.0000000E+00
  0.4245474E+02   0.5390512E-23   0.0000000E+00   0.6909430E-01   0.0000000E+00
  0.4298875E+02   0.2906094E-23   0.0000000E+00   0.7110432E-01   0.0000000E+00
  0.4352949E+02   0.1555111E-23   0.0000000E+00   0.7352377E-01   0.0000000E+00
  0.4407702E+02   0.8259326E-24   0.0000000E+00   0.7605033E-01   0.0000000E+00
  0.4463145E+02   0.4353292E-24   0.0000000E+00   0.7897907E-01   0.0000000E+00
  0.4519284E+02   0.2276876E-24   0.0000000E+00   0.8203588E-01   0.0000000E+00
  0.4576130E+02   0.1181590E-24   0.0000000E+00   0.8528534E-01   0.0000000E+00
  0.4633691E+02   0.6083557E-25   0.0000000E+00   0.8887075E-01   0.0000000E+00
  0.4691976E+02   0.3107192E-25   0.0000000E+00   0.9340666E-01   0.0000000E+00
  0.4750994E+02   0.1574180E-25   0.0000000E+00   0.9763756E-01   0.0000000E+00
  0.4810754E+02   0.7909923E-26   0.0000000E+00   0.1021695E+00   0.0000000E+00
  0.4871266E+02   0.3941636E-26   0.0000000E+00   0.1078442E+00   0.0000000E+00
  0.4932540E+02   0.1947697E-26   0.0000000E+00   0.1131743E+00   0.0000000E+00
  0.4994584E+02   0.9542476E-27   0.0000000E+00   0.1199037E+00   0.0000000E+00
  0.5057408E+02   0.4634987E-27   0.0000000E+00   0.1261138E+00   0.0000000E+00
  0.5121023E+02   0.2231704E-27   0.0000000E+00   0.1340730E+00   0.0000000E+00
  0.5185437E+02   0.1065067E-27   0.0000000E+00   0.1426687E+00   0.0000000E+00
  0.5250662E+02   0.5037577E-28   0.0000000E+00   0.1521406E+00   0.0000000E+00
  0.5316708E+02   0.2361137E-28   0.0000000E+00   0.1624620E+00   0.0000000E+00
  0.5383584E+02   0.1096543E-28   0.0000000E+00   0.1736821E+00   0.0000000E+00
  0.5451301E+02   0.5045278E-29   0.0000000E+00   0.1859937E+00   0.0000000E+00
  0.5519870E+02   0.2299577E-29   0.0000000E+00   0.1994795E+00   0.0000000E+00
  0.5589302E+02   0.1038157E-29   0.0000000E+00   0.2141771E+00   0.0000000E+00
  0.5659607E+02   0.4641705E-30   0.0000000E+00   0.2302320E+00   0.0000000E+00
  0.5730796E+02   0.2055128E-30   0.0000000E+00   0.2504279E+00   0.0000000E+00
  0.5802881E+02   0.9009339E-31   0.0000000E+00   0.2698638E+00   0.0000000E+00
  0.5875872E+02   0.3910081E-31   0.0000000E+00   0.2943558E+00   0.0000000E+00
  0.5949782E+02   0.1679818E-31   0.0000000E+00   0.3179196E+00   0.0000000E+00
  0.6024621E+02   0.7142766E-32   0.0000000E+00   0.3476457E+00   0.0000000E+00
  0.6100402E+02   0.3005676E-32   0.0000000E+00   0.3805964E+00   0.0000000E+00
  0.6177136E+02   0.1251504E-32   0.0000000E+00   0.4172474E+00   0.0000000E+00
  0.6254835E+02   0.5155593E-33   0.0000000E+00   0.4579743E+00   0.0000000E+00
  0.6333511E+02   0.2100984E-33   0.0000000E+00   0.5033299E+00   0.0000000E+00
  0.6413177E+02   0.8468481E-34   0.0000000E+00   0.5538616E+00   0.0000000E+00
  0.6493845E+02   0.3375721E-34   0.0000000E+00   0.6102708E+00   0.0000000E+00
  0.6575528E+02   0.1330593E-34   0.0000000E+00   0.6733349E+00   0.0000000E+00
  0.6658238E+02   0.5185369E-35   0.0000000E+00   0.7534437E+00   0.0000000E+00
  0.6741989E+02   0.1997596E-35   0.0000000E+00   0.8338703E+00   0.0000000E+00
  0.6826793E+02   0.7606166E-36   0.0000000E+00   0.9364995E+00   0.0000000E+00
  0.6912663E+02   0.2862136E-36   0.0000000E+00   0.1053906E+01   0.0000000E+00
  0.6999614E+02   0.1064183E-36   0.0000000E+00   0.1172299E+01   0.0000000E+00
  0.7087659E+02   0.3909111E-37   0.0000000E+00   0.1323670E+01   0.0000000E+00
  0.7176811E+02   0.1418434E-37   0.0000000E+00   0.1495693E+01   0.0000000E+00
  0.7267084E+02   0.5083258E-38   0.0000000E+00   0.1688111E+01   0.0000000E+00
  0.7358493E+02   0.1798908E-38   0.0000000E+00   0.1895862E+01   0.0000000E+00
  0.7451052E+02   0.6285515E-39   0.0000000E+00   0.2124551E+01   0.0000000E+00
  0.7544775E+02   0.2168041E-39   0.0000000E+00   0.2286726E+01   0.0000000E+00
  0.7639677E+02   0.7381052E-40   0.0000000E+00   0.2315906E+01   0.0000000E+00
  0.7735772E+02   0.2479827E-40   0.0000000E+00   0.2067785E+01   0.0000000E+00
  0.7833076E+02   0.8220615E-41   0.0000000E+00   0.1266022E+01   0.0000000E+00
  0.7931605E+02   0.2688398E-41   0.0000000E+00  -0.1865611E+00   0.0000000E+00
  0.8031372E+02   0.8671902E-42   0.0000000E+00  -0.1991380E+01   0.0000000E+00
  0.8132394E+02   0.2758618E-42   0.0000000E+00  -0.3417974E+01   0.0000000E+00
  0.8234688E+02   0.8652644E-43   0.0000000E+00  -0.3925461E+01   0.0000000E+00
  0.8338267E+02   0.2675522E-43   0.0000000E+00  -0.3631404E+01   0.0000000E+00
  0.8443150E+02   0.8154413E-44   0.0000000E+00  -0.2807685E+01   0.0000000E+00
  0.8549352E+02   0.2449185E-44   0.0000000E+00  -0.1978735E+01   0.0000000E+00
  0.8656890E+02   0.7247951E-45   0.0000000E+00  -0.1196977E+01   0.0000000E+00
  0.8765780E+02   0.2112964E-45   0.0000000E+00  -0.6510477E+00   0.0000000E+00
  0.8876041E+02   0.6066939E-46   0.0000000E+00  -0.3453617E+00   0.0000000E+00
  0.8987688E+02   0.1715397E-46   0.0000000E+00  -0.1543606E+00   0.0000000E+00
  0.9100739E+02   0.4775211E-47   0.0000000E+00  -0.5579516E-01   0.0000000E+00
  0.9215212E+02   0.1308482E-47   0.0000000E+00  -0.1936164E-01   0.0000000E+00
  0.9331126E+02   0.3528609E-48   0.0000000E+00  -0.5750469E-02   0.0000000E+00
  0.9448497E+02   0.9362938E-49   0.0000000E+00  -0.1184383E-02   0.0000000E+00
  0.9567345E+02   0.2444020E-49   0.0000000E+00  -0.1955072E-03   0.0000000E+00
  0.9687687E+02   0.6274678E-50   0.0000000E+00   0.0000000E+00   0.0000000E+00
  0.9809544E+02   0.1584094E-50   0.0000000E+00   0.0000000E+00   0.0000000E+00
  0.9932933E+02   0.3931706E-51   0.0000000E+00   0.0000000E+00   0.0000000E+00
  0.1005787E+03   0.9591757E-52   0.0000000E+00   0.0000000E+00   0.0000000E+00
  0.1018439E+03   0.2299523E-52   0.0000000E+00   0.0000000E+00   0.0000000E+00
  0.1031249E+03   0.5416318E-53   0.0000000E+00   0.0000000E+00   0.0000000E+00
  0.1044221E+03   0.1253141E-53   0.0000000E+00   0.0000000E+00   0.0000000E+00
  0.1057355E+03   0.2847261E-54   0.0000000E+00   0.0000000E+00   0.0000000E+00
  0.1070655E+03   0.6351649E-55   0.0000000E+00   0.0000000E+00   0.0000000E+00
  0.1084122E+03   0.1390838E-55   0.0000000E+00   0.0000000E+00   0.0000000E+00
  0.1097759E+03   0.2988800E-56   0.0000000E+00   0.0000000E+00   0.0000000E+00
  0.1111567E+03   0.6301483E-57   0.0000000E+00   0.0000000E+00   0.0000000E+00
  0.1125549E+03   0.1303151E-57   0.0000000E+00   0.0000000E+00   0.0000000E+00
  0.1139707E+03   0.2643210E-58   0.0000000E+00   0.0000000E+00   0.0000000E+00
  0.1154042E+03   0.5265887E-59   0.0000000E+00   0.0000000E+00   0.0000000E+00
  0.1168559E+03   0.1028325E-59   0.0000000E+00   0.0000000E+00   0.0000000E+00
  0.1183257E+03   0.1967882E-60   0.0000000E+00   0.0000000E+00   0.0000000E+00
  0.1198141E+03   0.1967882E-60   0.0000000E+00   0.0000000E+00   0.0000000E+00
