     8, 1029, 0.0, 1.0
  <PP_R type="real" size="1029" columns="4">
   0.389735800000000E-05   0.784373880000000E-05   0.118397590000000E-04   0.158860430000000E-04
   0.199832230000000E-04   0.241319390000000E-04   0.283328390000000E-04   0.325865800000000E-04
   0.368938270000000E-04   0.412552520000000E-04   0.456715370000000E-04   0.501433730000000E-04
   0.546714570000000E-04   0.592564970000000E-04   0.638992100000000E-04   0.686003210000000E-04
   0.733605650000000E-04   0.781806850000000E-04   0.830614350000000E-04   0.880035770000000E-04
   0.930078840000000E-04   0.980751370000000E-04   0.103206130000000E-03   0.108401660000000E-03
   0.113662540000000E-03   0.118989600000000E-03   0.124383660000000E-03   0.129845570000000E-03
   0.135376190000000E-03   0.140976370000000E-03   0.146646990000000E-03   0.152388940000000E-03
   0.158203120000000E-03   0.164090430000000E-03   0.170051790000000E-03   0.176088130000000E-03
   0.182200410000000E-03   0.188389560000000E-03   0.194656570000000E-03   0.201002410000000E-03
   0.207428060000000E-03   0.213934550000000E-03   0.220522870000000E-03   0.227194060000000E-03
   0.233949170000000E-03   0.240789250000000E-03   0.247715360000000E-03   0.254728600000000E-03
   0.261830050000000E-03   0.269020820000000E-03   0.276302040000000E-03   0.283674850000000E-03
   0.291140400000000E-03   0.298699850000000E-03   0.306354390000000E-03   0.314105220000000E-03
   0.321953530000000E-03   0.329900570000000E-03   0.337947560000000E-03   0.346095780000000E-03
   0.354346480000000E-03   0.362700970000000E-03   0.371160550000000E-03   0.379726530000000E-03
   0.388400260000000E-03   0.397183090000000E-03   0.406076400000000E-03   0.415081570000000E-03
   0.424200010000000E-03   0.433433150000000E-03   0.442782420000000E-03   0.452249300000000E-03
   0.461835250000000E-03   0.471541780000000E-03   0.481370410000000E-03   0.491322660000000E-03
   0.501400090000000E-03   0.511604290000000E-03   0.521936840000000E-03   0.532399350000000E-03
   0.542993470000000E-03   0.553720850000000E-03   0.564583150000000E-03   0.575582090000000E-03
   0.586719380000000E-03   0.597996760000000E-03   0.609415990000000E-03   0.620978860000000E-03
   0.632687170000000E-03   0.644542760000000E-03   0.656547460000000E-03   0.668703170000000E-03
   0.681011780000000E-03   0.693475210000000E-03   0.706095410000000E-03   0.718874360000000E-03
   0.731814040000000E-03   0.744916490000000E-03   0.758183740000000E-03   0.771617880000000E-03
   0.785220990000000E-03   0.798995220000000E-03   0.812942700000000E-03   0.827065620000000E-03
   0.841366180000000E-03   0.855846620000000E-03   0.870509200000000E-03   0.885356220000000E-03
   0.900389990000000E-03   0.915612860000000E-03   0.931027210000000E-03   0.946635450000000E-03
   0.962440010000000E-03   0.978443380000000E-03   0.994648040000000E-03   0.101105650000000E-02
   0.102767140000000E-02   0.104449530000000E-02   0.106153080000000E-02   0.107878050000000E-02
   0.109624730000000E-02   0.111393370000000E-02   0.113184270000000E-02   0.114997680000000E-02
   0.116833910000000E-02   0.118693240000000E-02   0.120575950000000E-02   0.122482350000000E-02
   0.124412720000000E-02   0.126367380000000E-02   0.128346620000000E-02   0.130350760000000E-02
   0.132380100000000E-02   0.134434970000000E-02   0.136515690000000E-02   0.138622590000000E-02
   0.140755980000000E-02   0.142916210000000E-02   0.145103610000000E-02   0.147318520000000E-02
   0.149561300000000E-02   0.151832280000000E-02   0.154131830000000E-02   0.156460310000000E-02
   0.158818070000000E-02   0.161205490000000E-02   0.163622940000000E-02   0.166070800000000E-02
   0.168549450000000E-02   0.171059280000000E-02   0.173600680000000E-02   0.176174040000000E-02
   0.178779770000000E-02   0.181418280000000E-02   0.184089980000000E-02   0.186795280000000E-02
   0.189534610000000E-02   0.192308400000000E-02   0.195117080000000E-02   0.197961080000000E-02
   0.200840860000000E-02   0.203756870000000E-02   0.206709550000000E-02   0.209699370000000E-02
   0.212726800000000E-02   0.215792310000000E-02   0.218896380000000E-02   0.222039490000000E-02
   0.225222140000000E-02   0.228444820000000E-02   0.231708040000000E-02   0.235012300000000E-02
   0.238358130000000E-02   0.241746040000000E-02   0.245176570000000E-02   0.248650250000000E-02
   0.252167620000000E-02   0.255729230000000E-02   0.259335640000000E-02   0.262987420000000E-02
   0.266685130000000E-02   0.270429350000000E-02   0.274220670000000E-02   0.278059680000000E-02
   0.281946970000000E-02   0.285883170000000E-02   0.289868870000000E-02   0.293904710000000E-02
   0.297991310000000E-02   0.302129310000000E-02   0.306319370000000E-02   0.310562130000000E-02
   0.314858250000000E-02   0.319208420000000E-02   0.323613300000000E-02   0.328073590000000E-02
   0.332589990000000E-02   0.337163190000000E-02   0.341793920000000E-02   0.346482890000000E-02
   0.351230840000000E-02   0.356038520000000E-02   0.360906670000000E-02   0.365836050000000E-02
   0.370827440000000E-02   0.375881610000000E-02   0.380999350000000E-02   0.386181470000000E-02
   0.391428770000000E-02   0.396742080000000E-02   0.402122210000000E-02   0.407570020000000E-02
   0.413086360000000E-02   0.418672080000000E-02   0.424328060000000E-02   0.430055190000000E-02
   0.435854350000000E-02   0.441726460000000E-02   0.447672430000000E-02   0.453693200000000E-02
   0.459789690000000E-02   0.465962870000000E-02   0.472213690000000E-02   0.478543150000000E-02
   0.484952220000000E-02   0.491441900000000E-02   0.498013210000000E-02   0.504667180000000E-02
   0.511404850000000E-02   0.518227270000000E-02   0.525135500000000E-02   0.532130630000000E-02
   0.539213740000000E-02   0.546385950000000E-02   0.553648380000000E-02   0.561002150000000E-02
   0.568448430000000E-02   0.575988360000000E-02   0.583623140000000E-02   0.591353950000000E-02
   0.599182010000000E-02   0.607108520000000E-02   0.615134740000000E-02   0.623261920000000E-02
   0.631491330000000E-02   0.639824250000000E-02   0.648261980000000E-02   0.656805850000000E-02
   0.665457180000000E-02   0.674217340000000E-02   0.683087690000000E-02   0.692069610000000E-02
   0.701164510000000E-02   0.710373810000000E-02   0.719698950000000E-02   0.729141380000000E-02
   0.738702590000000E-02   0.748384060000000E-02   0.758187300000000E-02   0.768113860000000E-02
   0.778165280000000E-02   0.788343130000000E-02   0.798649000000000E-02   0.809084510000000E-02
   0.819651270000000E-02   0.830350950000000E-02   0.841185220000000E-02   0.852155760000000E-02
   0.863264300000000E-02   0.874512560000000E-02   0.885902310000000E-02   0.897435330000000E-02
   0.909113410000000E-02   0.920938380000000E-02   0.932912100000000E-02   0.945036420000000E-02
   0.957313250000000E-02   0.969744510000000E-02   0.982332130000000E-02   0.995078080000000E-02
   0.100798440000000E-01   0.102105300000000E-01   0.103428600000000E-01   0.104768540000000E-01
   0.106125340000000E-01   0.107499210000000E-01   0.108890360000000E-01   0.110299000000000E-01
   0.111725370000000E-01   0.113169670000000E-01   0.114632140000000E-01   0.116113010000000E-01
   0.117612510000000E-01   0.119130860000000E-01   0.120668320000000E-01   0.122225110000000E-01
   0.123801490000000E-01   0.125397700000000E-01   0.127013980000000E-01   0.128650590000000E-01
   0.130307790000000E-01   0.131985830000000E-01   0.133684980000000E-01   0.135405510000000E-01
   0.137147670000000E-01   0.138911750000000E-01   0.140698020000000E-01   0.142506760000000E-01
   0.144338240000000E-01   0.146192770000000E-01   0.148070620000000E-01   0.149972100000000E-01
   0.151897490000000E-01   0.153847090000000E-01   0.155821230000000E-01   0.157820190000000E-01
   0.159844300000000E-01   0.161893860000000E-01   0.163969210000000E-01   0.166070660000000E-01
   0.168198550000000E-01   0.170353200000000E-01   0.172534950000000E-01   0.174744150000000E-01
   0.176981130000000E-01   0.179246260000000E-01   0.181539870000000E-01   0.183862330000000E-01
   0.186214010000000E-01   0.188595270000000E-01   0.191006480000000E-01   0.193448020000000E-01
   0.195920270000000E-01   0.198423610000000E-01   0.200958450000000E-01   0.203525170000000E-01
   0.206124180000000E-01   0.208755870000000E-01   0.211420670000000E-01   0.214118990000000E-01
   0.216851250000000E-01   0.219617870000000E-01   0.222419300000000E-01   0.225255960000000E-01
   0.228128310000000E-01   0.231036780000000E-01   0.233981840000000E-01   0.236963950000000E-01
   0.239983560000000E-01   0.243041150000000E-01   0.246137210000000E-01   0.249272210000000E-01
   0.252446640000000E-01   0.255661000000000E-01   0.258915790000000E-01   0.262211530000000E-01
   0.265548720000000E-01   0.268927880000000E-01   0.272349550000000E-01   0.275814260000000E-01
   0.279322550000000E-01   0.282874970000000E-01   0.286472070000000E-01   0.290114420000000E-01
   0.293802580000000E-01   0.297537140000000E-01   0.301318670000000E-01   0.305147760000000E-01
   0.309025020000000E-01   0.312951050000000E-01   0.316926470000000E-01   0.320951890000000E-01
   0.325027940000000E-01   0.329155260000000E-01   0.333334500000000E-01   0.337566300000000E-01
   0.341851340000000E-01   0.346190270000000E-01   0.350583780000000E-01   0.355032560000000E-01
   0.359537290000000E-01   0.364098690000000E-01   0.368717460000000E-01   0.373394320000000E-01
   0.378130020000000E-01   0.382925280000000E-01   0.387780870000000E-01   0.392697520000000E-01
   0.397676020000000E-01   0.402717140000000E-01   0.407821680000000E-01   0.412990410000000E-01
   0.418224170000000E-01   0.423523750000000E-01   0.428890000000000E-01   0.434323750000000E-01
   0.439825840000000E-01   0.445397140000000E-01   0.451038520000000E-01   0.456750860000000E-01
   0.462535050000000E-01   0.468392000000000E-01   0.474322620000000E-01   0.480327840000000E-01
   0.486408590000000E-01   0.492565830000000E-01   0.498800520000000E-01   0.505113630000000E-01
   0.511506160000000E-01   0.517979080000000E-01   0.524533430000000E-01   0.531170220000000E-01
   0.537890500000000E-01   0.544695300000000E-01   0.551585700000000E-01   0.558562760000000E-01
   0.565627590000000E-01   0.572781290000000E-01   0.580024960000000E-01   0.587359750000000E-01
   0.594786800000000E-01   0.602307270000000E-01   0.609922340000000E-01   0.617633190000000E-01
   0.625441030000000E-01   0.633347090000000E-01   0.641352580000000E-01   0.649458780000000E-01
   0.657666940000000E-01   0.665978350000000E-01   0.674394300000000E-01   0.682916100000000E-01
   0.691545110000000E-01   0.700282650000000E-01   0.709130090000000E-01   0.718088820000000E-01
   0.727160240000000E-01   0.736345770000000E-01   0.745646830000000E-01   0.755064880000000E-01
   0.764601410000000E-01   0.774257880000000E-01   0.784035820000000E-01   0.793936750000000E-01
   0.803962220000000E-01   0.814113790000000E-01   0.824393060000000E-01   0.834801620000000E-01
   0.845341100000000E-01   0.856013160000000E-01   0.866819450000000E-01   0.877761670000000E-01
   0.888841530000000E-01   0.900060750000000E-01   0.911421100000000E-01   0.922924340000000E-01
   0.934572270000000E-01   0.946366710000000E-01   0.958309520000000E-01   0.970402540000000E-01
   0.982647670000000E-01   0.995046830000000E-01   0.100760200000000E+00   0.102031500000000E+00
   0.103318800000000E+00   0.104622280000000E+00   0.105942170000000E+00   0.107278650000000E+00
   0.108631950000000E+00   0.110002270000000E+00   0.111389820000000E+00   0.112794830000000E+00
   0.114217510000000E+00   0.115658090000000E+00   0.117116790000000E+00   0.118593830000000E+00
   0.120089460000000E+00   0.121603890000000E+00   0.123137380000000E+00   0.124690160000000E+00
   0.126262460000000E+00   0.127854550000000E+00   0.129466660000000E+00   0.131099040000000E+00
   0.132751960000000E+00   0.134425670000000E+00   0.136120440000000E+00   0.137836520000000E+00
   0.139574190000000E+00   0.141333710000000E+00   0.143115370000000E+00   0.144919440000000E+00
   0.146746200000000E+00   0.148595930000000E+00   0.150468940000000E+00   0.152365500000000E+00
   0.154285920000000E+00   0.156230500000000E+00   0.158199530000000E+00   0.160193330000000E+00
   0.162212210000000E+00   0.164256490000000E+00   0.166326480000000E+00   0.168422510000000E+00
   0.170544900000000E+00   0.172693990000000E+00   0.174870110000000E+00   0.177073600000000E+00
   0.179304810000000E+00   0.181564080000000E+00   0.183851780000000E+00   0.186168240000000E+00
   0.188513850000000E+00   0.190888960000000E+00   0.193293940000000E+00   0.195729180000000E+00
   0.198195050000000E+00   0.200691930000000E+00   0.203220220000000E+00   0.205780310000000E+00
   0.208372610000000E+00   0.210997510000000E+00   0.213655430000000E+00   0.216346780000000E+00
   0.219071990000000E+00   0.221831470000000E+00   0.224625670000000E+00   0.227455010000000E+00
   0.230319940000000E+00   0.233220900000000E+00   0.236158360000000E+00   0.239132760000000E+00
   0.242144580000000E+00   0.245194280000000E+00   0.248282340000000E+00   0.251409240000000E+00
   0.254575480000000E+00   0.257781540000000E+00   0.261027930000000E+00   0.264315160000000E+00
   0.267643730000000E+00   0.271014170000000E+00   0.274427010000000E+00   0.277882770000000E+00
   0.281382000000000E+00   0.284925250000000E+00   0.288513070000000E+00   0.292146010000000E+00
   0.295824650000000E+00   0.299549570000000E+00   0.303321330000000E+00   0.307140540000000E+00
   0.311007790000000E+00   0.314923690000000E+00   0.318888840000000E+00   0.322903860000000E+00
   0.326969390000000E+00   0.331086060000000E+00   0.335254500000000E+00   0.339475380000000E+00
   0.343749360000000E+00   0.348077090000000E+00   0.352459260000000E+00   0.356896550000000E+00
   0.361389650000000E+00   0.365939270000000E+00   0.370546120000000E+00   0.375210910000000E+00
   0.379934380000000E+00   0.384717260000000E+00   0.389560310000000E+00   0.394464270000000E+00
   0.399429920000000E+00   0.404458020000000E+00   0.409549380000000E+00   0.414704770000000E+00
   0.419925010000000E+00   0.425210920000000E+00   0.430563310000000E+00   0.435983030000000E+00
   0.441470910000000E+00   0.447027830000000E+00   0.452654650000000E+00   0.458352240000000E+00
   0.464121500000000E+00   0.469963330000000E+00   0.475878630000000E+00   0.481868350000000E+00
   0.487933400000000E+00   0.494074750000000E+00   0.500293340000000E+00   0.506590150000000E+00
   0.512966170000000E+00   0.519422390000000E+00   0.525959810000000E+00   0.532579470000000E+00
   0.539282390000000E+00   0.546069630000000E+00   0.552942240000000E+00   0.559901290000000E+00
   0.566947880000000E+00   0.574083100000000E+00   0.581308080000000E+00   0.588623930000000E+00
   0.596031800000000E+00   0.603532860000000E+00   0.611128260000000E+00   0.618819210000000E+00
   0.626606890000000E+00   0.634492540000000E+00   0.642477370000000E+00   0.650562630000000E+00
   0.658749600000000E+00   0.667039550000000E+00   0.675433770000000E+00   0.683933580000000E+00
   0.692540300000000E+00   0.701255280000000E+00   0.710079890000000E+00   0.719015490000000E+00
   0.728063490000000E+00   0.737225300000000E+00   0.746502350000000E+00   0.755896090000000E+00
   0.765407990000000E+00   0.775039530000000E+00   0.784792230000000E+00   0.794667600000000E+00
   0.804667180000000E+00   0.814792550000000E+00   0.825045270000000E+00   0.835426960000000E+00
   0.845939240000000E+00   0.856583740000000E+00   0.867362130000000E+00   0.878276100000000E+00
   0.889327350000000E+00   0.900517610000000E+00   0.911848630000000E+00   0.923322170000000E+00
   0.934940030000000E+00   0.946704020000000E+00   0.958615990000000E+00   0.970677790000000E+00
   0.982891320000000E+00   0.995258460000000E+00   0.100778120000000E+01   0.102046140000000E+01
   0.103330110000000E+01   0.104630230000000E+01   0.105946710000000E+01   0.107279750000000E+01
   0.108629550000000E+01   0.109996330000000E+01   0.111380300000000E+01   0.112781680000000E+01
   0.114200690000000E+01   0.115637550000000E+01   0.117092480000000E+01   0.118565710000000E+01
   0.120057480000000E+01   0.121568000000000E+01   0.123097530000000E+01   0.124646300000000E+01
   0.126214540000000E+01   0.127802520000000E+01   0.129410460000000E+01   0.131038640000000E+01
   0.132687290000000E+01   0.134356680000000E+01   0.136047070000000E+01   0.137758720000000E+01
   0.139491900000000E+01   0.141246880000000E+01   0.143023940000000E+01   0.144823350000000E+01
   0.146645390000000E+01   0.148490350000000E+01   0.150358520000000E+01   0.152250190000000E+01
   0.154165650000000E+01   0.156105210000000E+01   0.158069160000000E+01   0.160057810000000E+01
   0.162071480000000E+01   0.164110480000000E+01   0.166175130000000E+01   0.168265740000000E+01
   0.170382650000000E+01   0.172526190000000E+01   0.174696700000000E+01   0.176894500000000E+01
   0.179119950000000E+01   0.181373390000000E+01   0.183655170000000E+01   0.185965660000000E+01
   0.188305210000000E+01   0.190674190000000E+01   0.193072970000000E+01   0.195501910000000E+01
   0.197961420000000E+01   0.200451850000000E+01   0.202973620000000E+01   0.205527100000000E+01
   0.208112700000000E+01   0.210730830000000E+01   0.213381890000000E+01   0.216066290000000E+01
   0.218784460000000E+01   0.221536820000000E+01   0.224323800000000E+01   0.227145830000000E+01
   0.230003370000000E+01   0.232896840000000E+01   0.235826710000000E+01   0.238793440000000E+01
   0.241797480000000E+01   0.244839310000000E+01   0.247919400000000E+01   0.251038230000000E+01
   0.254196290000000E+01   0.257394070000000E+01   0.260632080000000E+01   0.263910820000000E+01
   0.267230800000000E+01   0.270592540000000E+01   0.273996560000000E+01   0.277443410000000E+01
   0.280933600000000E+01   0.284467700000000E+01   0.288046260000000E+01   0.291669820000000E+01
   0.295338970000000E+01   0.299054260000000E+01   0.302816290000000E+01   0.306625640000000E+01
   0.310482910000000E+01   0.314388690000000E+01   0.318343610000000E+01   0.322348260000000E+01
   0.326403300000000E+01   0.330509330000000E+01   0.334667020000000E+01   0.338877000000000E+01
   0.343139940000000E+01   0.347456500000000E+01   0.351827350000000E+01   0.356253190000000E+01
   0.360734690000000E+01   0.365272560000000E+01   0.369867520000000E+01   0.374520270000000E+01
   0.379231540000000E+01   0.384002080000000E+01   0.388832620000000E+01   0.393723920000000E+01
   0.398676750000000E+01   0.403691870000000E+01   0.408770080000000E+01   0.413912170000000E+01
   0.419118930000000E+01   0.424391190000000E+01   0.429729760000000E+01   0.435135480000000E+01
   0.440609200000000E+01   0.446151780000000E+01   0.451764060000000E+01   0.457446950000000E+01
   0.463201310000000E+01   0.469028060000000E+01   0.474928090000000E+01   0.480902340000000E+01
   0.486951740000000E+01   0.493077230000000E+01   0.499279760000000E+01   0.505560320000000E+01
   0.511919880000000E+01   0.518359420000000E+01   0.524879970000000E+01   0.531482540000000E+01
   0.538168160000000E+01   0.544937870000000E+01   0.551792730000000E+01   0.558733820000000E+01
   0.565762220000000E+01   0.572879020000000E+01   0.580085340000000E+01   0.587382310000000E+01
   0.594771060000000E+01   0.602252740000000E+01   0.609828540000000E+01   0.617499630000000E+01
   0.625267210000000E+01   0.633132490000000E+01   0.641096710000000E+01   0.649161100000000E+01
   0.657326930000000E+01   0.665595480000000E+01   0.673968030000000E+01   0.682445890000000E+01
   0.691030390000000E+01   0.699722880000000E+01   0.708524700000000E+01   0.717437230000000E+01
   0.726461870000000E+01   0.735600020000000E+01   0.744853120000000E+01   0.754222610000000E+01
   0.763709950000000E+01   0.773316630000000E+01   0.783044150000000E+01   0.792894020000000E+01
   0.802867790000000E+01   0.812967010000000E+01   0.823193270000000E+01   0.833548150000000E+01
   0.844033290000000E+01   0.854650310000000E+01   0.865400880000000E+01   0.876286670000000E+01
   0.887309390000000E+01   0.898470760000000E+01   0.909772520000000E+01   0.921216440000000E+01
   0.932804300000000E+01   0.944537930000000E+01   0.956419140000000E+01   0.968449800000000E+01
   0.980631790000000E+01   0.992967010000000E+01   0.100545740000000E+02   0.101810490000000E+02
   0.103091140000000E+02   0.104387910000000E+02   0.105700990000000E+02   0.107030580000000E+02
   0.108376900000000E+02   0.109740150000000E+02   0.111120550000000E+02   0.112518320000000E+02
   0.113933660000000E+02   0.115366810000000E+02   0.116817980000000E+02   0.118287410000000E+02
   0.119775320000000E+02   0.121281950000000E+02   0.122807530000000E+02   0.124352300000000E+02
   0.125916490000000E+02   0.127500370000000E+02   0.129104160000000E+02   0.130728130000000E+02
   0.132372530000000E+02   0.134037610000000E+02   0.135723630000000E+02   0.137430870000000E+02
   0.139159570000000E+02   0.140910020000000E+02   0.142682490000000E+02   0.144477260000000E+02
   0.146294600000000E+02   0.148134790000000E+02   0.149998140000000E+02   0.151884920000000E+02
   0.153795440000000E+02   0.155729990000000E+02   0.157688870000000E+02   0.159672390000000E+02
   0.161680860000000E+02   0.163714590000000E+02   0.165773910000000E+02   0.167859130000000E+02
   0.169970570000000E+02   0.172108580000000E+02   0.174273480000000E+02   0.176465610000000E+02
   0.178685310000000E+02   0.180932930000000E+02   0.183208830000000E+02   0.185513350000000E+02
   0.187846860000000E+02   0.190209720000000E+02   0.192602300000000E+02   0.195024980000000E+02
   0.197478130000000E+02   0.199962140000000E+02   0.202477390000000E+02   0.205024290000000E+02
   0.207603210000000E+02   0.210214580000000E+02   0.212858790000000E+02   0.215536260000000E+02
   0.218247420000000E+02   0.220992670000000E+02   0.223772450000000E+02   0.226587200000000E+02
   0.229437360000000E+02   0.232323360000000E+02   0.235245670000000E+02   0.238204740000000E+02
   0.241201020000000E+02   0.244235000000000E+02   0.247307130000000E+02   0.250417910000000E+02
   0.253567820000000E+02   0.256757350000000E+02   0.259987000000000E+02   0.263257270000000E+02
   0.266568680000000E+02   0.269921740000000E+02   0.273316980000000E+02   0.276754920000000E+02
   0.280236110000000E+02   0.283761080000000E+02   0.287330400000000E+02   0.290944610000000E+02
   0.294604280000000E+02   0.298309990000000E+02   0.302062300000000E+02   0.305861820000000E+02
   0.309709120000000E+02   0.313604820000000E+02   0.317549530000000E+02   0.321543850000000E+02
   0.325588410000000E+02   0.329683850000000E+02   0.333830800000000E+02   0.338029910000000E+02
   0.342281840000000E+02   0.346587260000000E+02   0.350946830000000E+02   0.355361230000000E+02
   0.359831170000000E+02   0.364357320000000E+02   0.368940410000000E+02   0.373581150000000E+02
   0.378280260000000E+02   0.383038480000000E+02   0.387856550000000E+02   0.392735230000000E+02
   0.397675270000000E+02   0.402677440000000E+02   0.407742540000000E+02   0.412871350000000E+02
   0.418064670000000E+02   0.423323320000000E+02   0.428648110000000E+02   0.434039880000000E+02
   0.439499470000000E+02   0.445027730000000E+02   0.450625530000000E+02   0.456293740000000E+02
   0.462033240000000E+02   0.467844950000000E+02   0.473729750000000E+02   0.479688580000000E+02
   0.485722350000000E+02   0.491832030000000E+02   0.498018550000000E+02   0.504282890000000E+02
   0.510626030000000E+02   0.517048950000000E+02   0.523552670000000E+02   0.530138190000000E+02
   0.536806550000000E+02   0.543558780000000E+02   0.550395950000000E+02   0.557319110000000E+02
   0.564329360000000E+02   0.571427790000000E+02   0.578615510000000E+02   0.585893640000000E+02
   0.593263310000000E+02   0.600725680000000E+02   0.608281920000000E+02   0.615933200000000E+02
   0.623680730000000E+02   0.631525700000000E+02   0.639469360000000E+02   0.647512930000000E+02
   0.655657680000000E+02   0.663904880000000E+02   0.672255810000000E+02   0.680711790000000E+02
   0.689274130000000E+02   0.697944170000000E+02   0.706723260000000E+02   0.715612790000000E+02
   0.724614130000000E+02   0.733728690000000E+02   0.742957900000000E+02   0.752303200000000E+02
   0.761766050000000E+02   0.771347920000000E+02   0.781050320000000E+02   0.790874770000000E+02
   0.800822790000000E+02   0.810895940000000E+02   0.821095790000000E+02   0.831423940000000E+02
   0.841882010000000E+02   0.852471620000000E+02   0.863194430000000E+02   0.874052120000000E+02
   0.885046380000000E+02   0.896178930000000E+02   0.907451510000000E+02   0.918865890000000E+02
   0.930423840000000E+02   0.942127170000000E+02   0.953977710000000E+02   0.965977310000000E+02
   0.978127850000000E+02   0.990431220000000E+02   0.100288930000000E+03   0.101550420000000E+03
   0.102827770000000E+03   0.104121190000000E+03   0.105430870000000E+03   0.106757040000000E+03
   0.108099880000000E+03   0.109459610000000E+03   0.110836450000000E+03   0.112230600000000E+03
   0.113642290000000E+03   0.115071740000000E+03   0.116519170000000E+03   0.117984800000000E+03
   0.119468870000000E+03
 </PP_R>
<PP_RHOATOM type="real" size="1029" columns="4">
   0.680524144689905E-10   0.275644406176537E-09   0.628041963529722E-09   0.113066619156394E-08
   0.178909750343956E-08   0.260907990001608E-08   0.359652538982601E-08   0.475751877957189E-08
   0.609832212923250E-08   0.762537907582729E-08   0.934532065435770E-08   0.112649701346369E-07
   0.133913467509487E-07   0.157316730504941E-07   0.182933795711603E-07   0.210841097583339E-07
   0.241117267142595E-07   0.273843177739607E-07   0.309102024062826E-07   0.346979362951057E-07
   0.387563197551586E-07   0.430944018109093E-07   0.477214909923639E-07   0.526471530804001E-07
   0.578812296174351E-07   0.634338474299409E-07   0.693153974347605E-07   0.755365836845168E-07
   0.821084114937096E-07   0.890421698838071E-07   0.963494869323368E-07   0.104042315511570E-06
   0.112132941482931E-06   0.120633977355745E-06   0.129558398624041E-06   0.138919539331369E-06
   0.148731133604385E-06   0.159007228975102E-06   0.169762341512075E-06   0.181011335237231E-06
   0.192769479079585E-06   0.205052533363482E-06   0.217876593779503E-06   0.231258270158314E-06
   0.245214625054548E-06   0.259763163007379E-06   0.274921860683256E-06   0.290709246538086E-06
   0.307144280998246E-06   0.324246479189442E-06   0.342035904554920E-06   0.360533158983580E-06
   0.379759395372084E-06   0.399736330427473E-06   0.420486312615521E-06   0.442032286110445E-06
   0.464397746817730E-06   0.487606956160516E-06   0.511684700633023E-06   0.536656571088810E-06
   0.562548710152397E-06   0.589388105176175E-06   0.617202389727349E-06   0.646019920062840E-06
   0.675869895744942E-06   0.706782245591241E-06   0.738787651231948E-06   0.771917851375944E-06
   0.806205190389384E-06   0.841682987699206E-06   0.878385386779511E-06   0.916347572563736E-06
   0.955605518215100E-06   0.996196287898190E-06   0.103815790194115E-05   0.108152931369103E-05
   0.112635060596723E-05   0.117266298045257E-05   0.122050860212084E-05   0.126993080355500E-05
   0.132097416613307E-05   0.137368435965792E-05   0.142810821253868E-05   0.148429399442452E-05
   0.154229089224558E-05   0.160215005705628E-05   0.166392337331886E-05   0.172766434776231E-05
   0.179342783591746E-05   0.186127024388795E-05   0.193124927932425E-05   0.200342444978749E-05
   0.207785663778673E-05   0.215460836963278E-05   0.223374385847751E-05   0.231532873891997E-05
   0.239943114156316E-05   0.248612029891554E-05   0.257546733871572E-05   0.266754549338604E-05
   0.276242967425970E-05   0.286019706963487E-05   0.296092656463696E-05   0.306469935463993E-05
   0.317159821624111E-05   0.328170945899798E-05   0.339512033183745E-05   0.351192088333132E-05
   0.363220337423563E-05   0.375606256871851E-05   0.388359571749578E-05   0.401490208243885E-05
   0.415008504058065E-05   0.428924932607717E-05   0.443250258573881E-05   0.457995525981819E-05
   0.473172093798396E-05   0.488791704625348E-05   0.504866224493294E-05   0.521407858885164E-05
   0.538429391196496E-05   0.555943438536218E-05   0.573963632846772E-05   0.592503197453196E-05
   0.611576353628146E-05   0.631197262145554E-05   0.651380663172151E-05   0.672141713326869E-05
   0.693495678070070E-05   0.715458527384354E-05   0.738046551639885E-05   0.761276477859004E-05
   0.785165178922884E-05   0.809730588391399E-05   0.834990626245387E-05   0.860963855490032E-05
   0.887668900463282E-05   0.915125674456548E-05   0.943353819357863E-05   0.972374054306582E-05
   0.100220746802594E-04   0.103287522213046E-04   0.106439992166151E-04   0.109680414864270E-04
   0.113011084972509E-04   0.116434437825606E-04   0.119952889682788E-04   0.123568990097885E-04
   0.127285282534844E-04   0.131104450951537E-04   0.135029172309617E-04   0.139062255833980E-04
   0.143206533866475E-04   0.147464979399827E-04   0.151840556350676E-04   0.156336376194810E-04
   0.160955573131838E-04   0.165701415989200E-04   0.170577250597740E-04   0.175586430924198E-04
   0.180732533331701E-04   0.186019103753912E-04   0.191449822796780E-04   0.197028486525356E-04
   0.202759005359394E-04   0.208645298072786E-04   0.214691473225054E-04   0.220901706241122E-04
   0.227280338149772E-04   0.233831698154630E-04   0.240560345869854E-04   0.247470893977202E-04
   0.254568123550218E-04   0.261856882176640E-04   0.269342192710153E-04   0.277029170764506E-04
   0.284923070425540E-04   0.293029287922513E-04   0.301353365373243E-04   0.309900994639705E-04
   0.318677973457806E-04   0.327690278817564E-04   0.336944048115555E-04   0.346445558398063E-04
   0.356201181322739E-04   0.366217677185960E-04   0.376501715288493E-04   0.387060241261819E-04
   0.397900461044585E-04   0.409029642444427E-04   0.420455268151501E-04   0.432185104022811E-04
   0.444226919503645E-04   0.456588979049804E-04   0.469279408658162E-04   0.482306816257538E-04
   0.495680011092961E-04   0.509407773294290E-04   0.523499400426388E-04   0.537964273731676E-04
   0.552812079434569E-04   0.568052831118678E-04   0.583696509696111E-04   0.599753612795314E-04
   0.616234783593325E-04   0.633151119356781E-04   0.650513788912321E-04   0.668334364208616E-04
   0.686624644350552E-04   0.705396705887236E-04   0.724663109054654E-04   0.744436496369833E-04
   0.764730152285460E-04   0.785557258118227E-04   0.806931710543574E-04   0.828867767856173E-04
   0.851379639577190E-04   0.874482343168909E-04   0.898191085647359E-04   0.922521537647849E-04
   0.947489515174545E-04   0.973111775564002E-04   0.999404992594524E-04   0.102638655407092E-03
   0.105407397095901E-03   0.108248555535331E-03   0.111164013253594E-03   0.114155655263911E-03
   0.117225458071311E-03   0.120375432499895E-03   0.123607639306006E-03   0.126924199831590E-03
   0.130327261070845E-03   0.133819089866172E-03   0.137401952183222E-03   0.141078163444329E-03
   0.144850153537608E-03   0.148720373545422E-03   0.152691360743278E-03   0.156765699205451E-03
   0.160946052433398E-03   0.165235111086644E-03   0.169635725165263E-03   0.174150714300825E-03
   0.178783040558362E-03   0.183535715838077E-03   0.188411831330291E-03   0.193414565411493E-03
   0.198547135673879E-03   0.203812941520135E-03   0.209215345812893E-03   0.214757880730866E-03
   0.220444149628769E-03   0.226277813229355E-03   0.232262718089266E-03   0.238402681643945E-03
   0.244701726468953E-03   0.251163928393394E-03   0.257793440727635E-03   0.264594640972447E-03
   0.271571859335964E-03   0.278729650347574E-03   0.286072650188564E-03   0.293605582186893E-03
   0.301333346142140E-03   0.309260958552896E-03   0.317393549369637E-03   0.325736371943615E-03
   0.334294791862413E-03   0.343074376251101E-03   0.352080766850298E-03   0.361319881969417E-03
   0.370797591562229E-03   0.380520024464744E-03   0.390493577212180E-03   0.400724577405411E-03
   0.411219702480471E-03   0.421985681832135E-03   0.433029516768664E-03   0.444358347706436E-03
   0.455979479266090E-03   0.467900383419695E-03   0.480128834326983E-03   0.492672605839517E-03
   0.505539966139410E-03   0.518739144290641E-03   0.532278691794336E-03   0.546167212805936E-03
   0.560413949028205E-03   0.575027880692210E-03   0.590018518416726E-03   0.605395643971988E-03
   0.621169102828737E-03   0.637348935202746E-03   0.653945925980752E-03   0.670970591160019E-03
   0.688434032955365E-03   0.706347473611239E-03   0.724722485547851E-03   0.743571042134388E-03
   0.762905189228800E-03   0.782737531743330E-03   0.803081002237764E-03   0.823948612613815E-03
   0.845353860344442E-03   0.867310831879757E-03   0.889833571283005E-03   0.912936561573630E-03
   0.936634977909654E-03   0.960944127025857E-03   0.985879769876760E-03   0.101145817878534E-02
   0.103769572484730E-02   0.106460942652480E-02   0.109221711476144E-02   0.112053648137893E-02
   0.114958588815278E-02   0.117938429423439E-02   0.120995106297343E-02   0.124130620046162E-02
   0.127347014366567E-02   0.130646348886264E-02   0.134030813672783E-02   0.137502595364678E-02
   0.141063972186518E-02   0.144717265377108E-02   0.148464842085087E-02   0.152309171209991E-02
   0.156252779976683E-02   0.160298216925454E-02   0.164448149197743E-02   0.168705303224398E-02
   0.173072446756879E-02   0.177552458039655E-02   0.182148314845828E-02   0.186862986455039E-02
   0.191699590748693E-02   0.196661334440500E-02   0.201751446116449E-02   0.206973324395158E-02
   0.212330387703332E-02   0.217826191538559E-02   0.223464349475669E-02   0.229248618392811E-02
   0.235182837573651E-02   0.241270939268309E-02   0.247516936114576E-02   0.253925014178071E-02
   0.260499440822179E-02   0.267244548073881E-02   0.274164899339601E-02   0.281265089302481E-02
   0.288549870164348E-02   0.296024092698866E-02   0.303692804538060E-02   0.311561186610247E-02
   0.319634454569925E-02   0.327918043722346E-02   0.336417614783623E-02   0.345138855328062E-02
   0.354087711270794E-02   0.363270207730846E-02   0.372692564094618E-02   0.382361159713544E-02
   0.392282655517928E-02   0.402463809195677E-02   0.412911545269954E-02   0.423632961109574E-02
   0.434635500160470E-02   0.445926652408272E-02   0.457514270534156E-02   0.469406321890021E-02
   0.481610911167238E-02   0.494136627633910E-02   0.506992121440229E-02   0.520186300322415E-02
   0.533728425476874E-02   0.547627902729329E-02   0.561894439164951E-02   0.576538134647075E-02
   0.591569254253966E-02   0.606998383005708E-02   0.622836394841738E-02   0.639094515678662E-02
   0.655784375611391E-02   0.672917805699785E-02   0.690507133816867E-02   0.708564780518310E-02
   0.727103895916539E-02   0.746137733426897E-02   0.765680198874072E-02   0.785745169811685E-02
   0.806347467135347E-02   0.827502021652779E-02   0.849224415747552E-02   0.871530464045929E-02
   0.894436567416876E-02   0.917959822200490E-02   0.942117451084754E-02   0.966927546738660E-02
   0.992408521158083E-02   0.101857962709200E-01   0.104546041969495E-01   0.107307121874719E-01
   0.110143292677697E-01   0.113056703563450E-01   0.116049594231673E-01   0.119124229809361E-01
   0.122283014323606E-01   0.125528347689136E-01   0.128862779090762E-01   0.132288886754551E-01
   0.135809343672233E-01   0.139426943230633E-01   0.143144500129214E-01   0.146964990927666E-01
   0.150891455458253E-01   0.154927016027043E-01   0.159074930612347E-01   0.163338543176370E-01
   0.167721292032693E-01   0.172226776156126E-01   0.176858649295965E-01   0.181620768489635E-01
   0.186517037864718E-01   0.191551539200282E-01   0.196728446101287E-01   0.202052155160889E-01
   0.207527134243631E-01   0.213158041898284E-01   0.218949633843948E-01   0.224906934364135E-01
   0.231035056214322E-01   0.237339304065815E-01   0.243825156975872E-01   0.250498317396394E-01
   0.257364679965479E-01   0.264430348322873E-01   0.271701559348408E-01   0.279184853440456E-01
   0.286887004877071E-01   0.294814961583017E-01   0.302975952101795E-01   0.311377513218246E-01
   0.320027384956151E-01   0.328933541045540E-01   0.338104368163510E-01   0.347548454375902E-01
   0.357274714874989E-01   0.367292388190425E-01   0.377611118765969E-01   0.388240739159482E-01
   0.399191666592516E-01   0.410474448091792E-01   0.422100244851476E-01   0.434080439026977E-01
   0.446426957181337E-01   0.459152057548214E-01   0.472268630047262E-01   0.485789891880288E-01
   0.499729476670208E-01   0.514101804614628E-01   0.528921641981030E-01   0.544204109330379E-01
   0.559965434939902E-01   0.576221760463381E-01   0.592990632865503E-01   0.610289463473891E-01
   0.628136929216742E-01   0.646552116226218E-01   0.665554680369050E-01   0.685165547824735E-01
   0.705405846628092E-01   0.726298039481700E-01   0.747864873908460E-01   0.770130423175924E-01
   0.793119523055089E-01   0.816857824654602E-01   0.841372217961652E-01   0.866690378309370E-01
   0.892840954357206E-01   0.919854244870004E-01   0.947760962016293E-01   0.976593348354249E-01
   0.100638501741915E+00   0.103717061389169E+00   0.106898613256266E+00   0.110186892257691E+00
   0.113585804713066E+00   0.117099332878598E+00   0.120731687074126E+00   0.124487213735822E+00
   0.128370379809441E+00   0.132385854248208E+00   0.136538516025084E+00   0.140833345130849E+00
   0.145275576783335E+00   0.149870616202647E+00   0.154624037702617E+00   0.159541678931310E+00
   0.164629544181467E+00   0.169893905738520E+00   0.175341186822439E+00   0.180978125256874E+00
   0.186811622864879E+00   0.192848916977502E+00   0.199097435976795E+00   0.205564905203696E+00
   0.212259297983523E+00   0.219188850307965E+00   0.226362190306967E+00   0.233788053128041E+00
   0.241475673079211E+00   0.249434485282971E+00   0.257674218496068E+00   0.266205009847316E+00
   0.275037288234039E+00   0.284181794754225E+00   0.293649626233072E+00   0.303452295778531E+00
   0.313601620334471E+00   0.324109710106036E+00   0.334989225868494E+00   0.346253023841366E+00
   0.357914447911346E+00   0.369987175025508E+00   0.382485293142894E+00   0.395423255404887E+00
   0.408815971114996E+00   0.422678617427716E+00   0.437026892214408E+00   0.451876814383841E+00
   0.467244836766882E+00   0.483147728759012E+00   0.499602659144913E+00   0.516627221127732E+00
   0.534239332307792E+00   0.552457244113910E+00   0.571299631640653E+00   0.590785423116656E+00
   0.610933770017507E+00   0.631764295827265E+00   0.653296785234497E+00   0.675551268241015E+00
   0.698548093415410E+00   0.722307725315206E+00   0.746850633597396E+00   0.772197610964843E+00
   0.798369469564918E+00   0.825387052116649E+00   0.853270994922611E+00   0.882042342126682E+00
   0.911721412666798E+00   0.942328726955923E+00   0.973884426483414E+00   0.100640814657245E+01
   0.103991949760353E+01   0.107443731943489E+01   0.110997984109269E+01   0.114656480927947E+01
   0.118420910801922E+01   0.122292864920417E+01   0.126273848314369E+01   0.130365240451971E+01
   0.134568311401036E+01   0.138884212464802E+01   0.143313911288293E+01   0.147858225261906E+01
   0.152517808151708E+01   0.157293097820181E+01   0.162184359980232E+01   0.167191609902365E+01
   0.172314643760825E+01   0.177552985297698E+01   0.182905895026419E+01   0.188372379022308E+01
   0.193951059629673E+01   0.199640341610007E+01   0.205438206300883E+01   0.211342322606013E+01
   0.217350014702951E+01   0.223458165691156E+01   0.229663295482313E+01   0.235961557474140E+01
   0.242348546170116E+01   0.248819591909756E+01   0.255369420514416E+01   0.261992426160774E+01
   0.268682493233295E+01   0.275432984678920E+01   0.282236906605659E+01   0.289086658695004E+01
   0.295974303465558E+01   0.302891343953416E+01   0.309828841956024E+01   0.316777471944788E+01
   0.323727373045943E+01   0.330668349287221E+01   0.337589722767863E+01   0.344480525612540E+01
   0.351329360464555E+01   0.358124571594126E+01   0.364854117803860E+01   0.371505876898272E+01
   0.378067332901790E+01   0.384525950526317E+01   0.390868925569091E+01   0.397083541968192E+01
   0.403156979884304E+01   0.409076427276590E+01   0.414829235981547E+01   0.420402900476754E+01
   0.425785196630666E+01   0.430963940359811E+01   0.435927568182356E+01   0.440664758349204E+01
   0.445164649401679E+01   0.449416985872925E+01   0.453411991342038E+01   0.457140581602307E+01
   0.460594325198398E+01   0.463765452609885E+01   0.466647143661892E+01   0.469233161778717E+01
   0.471518239322042E+01   0.473497954603243E+01   0.475168782765523E+01   0.476528073479247E+01
   0.477573964196308E+01   0.478305822556033E+01   0.478723549803015E+01   0.478828240422267E+01
   0.478621675981631E+01   0.478106581687799E+01   0.477286352263321E+01   0.476165485971016E+01
   0.474748874367699E+01   0.473042302363841E+01   0.471052237258027E+01   0.468785645325598E+01
   0.466250071682054E+01   0.463453613721149E+01   0.460404772954042E+01   0.457112415233970E+01
   0.453585759987918E+01   0.449834231710778E+01   0.445867543099149E+01   0.441695405211060E+01
   0.437327738439442E+01   0.432774441766562E+01   0.428045412592961E+01   0.423150374730185E+01
   0.418098861257241E+01   0.412900349335153E+01   0.407563962543837E+01   0.402098565580568E+01
   0.396512665666664E+01   0.390814380679000E+01   0.385011379747510E+01   0.379110961284635E+01
   0.373120022375775E+01   0.367044815399102E+01   0.360891459485057E+01   0.354665485073398E+01
   0.348372079765428E+01   0.342016335560119E+01   0.335602881604459E+01   0.329136571937392E+01
   0.322621987447523E+01   0.316064053838352E+01   0.309467884920701E+01   0.302838947503496E+01
   0.296183235296492E+01   0.289507185374017E+01   0.282817791133887E+01   0.276122357795074E+01
   0.269428410867246E+01   0.262743383011970E+01   0.256074525818954E+01   0.249428863978184E+01
   0.242813215279715E+01   0.236234206450364E+01   0.229698181479734E+01   0.223211282150866E+01
   0.216779427829696E+01   0.210408251864992E+01   0.204103126038165E+01   0.197869152755091E+01
   0.191711204296281E+01   0.185633890490103E+01   0.179641516197942E+01   0.173738090990650E+01
   0.167927429845870E+01   0.162213009385885E+01   0.156598054648502E+01   0.151085567898012E+01
   0.145678203126340E+01   0.140378407916291E+01   0.135188351764448E+01   0.130109932677645E+01
   0.125144848491415E+01   0.120294478034028E+01   0.115560035581521E+01   0.110942432605647E+01
   0.106442399266454E+01   0.102060440752604E+01   0.977968317726662E+00   0.936516359236235E+00
   0.896247471206320E+00   0.857158504626373E+00   0.819244529486605E+00   0.782498760398573E+00
   0.746913042181962E+00   0.712477367451475E+00   0.679180492796806E+00   0.647009634858858E+00
   0.615950727938889E+00   0.585988442707144E+00   0.557106457567141E+00   0.529287284627264E+00
   0.502512547584381E+00   0.476762898014115E+00   0.452018309143452E+00   0.428258015916637E+00
   0.405460537596738E+00   0.383603870427507E+00   0.362665517923732E+00   0.342622632502361E+00
   0.323451882753611E+00   0.305129816306861E+00   0.287632667364532E+00   0.270936521647235E+00
   0.255017422167911E+00   0.239851318413187E+00   0.225414227412611E+00   0.211682208698958E+00
   0.198631438635533E+00   0.186238248962104E+00   0.174479207449708E+00   0.163331070224872E+00
   0.152770943250296E+00   0.142776179026296E+00   0.133324540716441E+00   0.124394114478019E+00
   0.115963414439660E+00   0.108011376413180E+00   0.100517380064402E+00   0.934612772968022E-01
   0.868233837954545E-01   0.805845365023934E-01   0.747260673989922E-01   0.692298225145216E-01
   0.640781878814373E-01   0.592540772102537E-01   0.547409417607908E-01   0.505227728499387E-01
   0.465841138325666E-01   0.429100322990570E-01   0.394861579117783E-01   0.362986465651999E-01
   0.333341870179454E-01   0.305800027978702E-01   0.280238330974748E-01   0.256539399866692E-01
   0.234590914529332E-01   0.214285455730953E-01   0.195520577144145E-01   0.178198605612869E-01
   0.162226488826790E-01   0.147515758106630E-01   0.133982397001147E-01   0.121546668580029E-01
   0.110133071885292E-01   0.996701135994265E-02   0.900902484856572E-02   0.813297257596300E-02
   0.733284409355525E-02   0.660298110223689E-02   0.593806502984759E-02   0.533310104451130E-02
   0.478340605611338E-02   0.428459533308526E-02   0.383256879143887E-02   0.342349788814039E-02
   0.305381288865885E-02   0.272019012188753E-02   0.241953934372966E-02   0.214899206517351E-02
   0.190588877021007E-02   0.168776829975519E-02   0.149235605843800E-02   0.131755316013525E-02
   0.116142606323972E-02   0.102219613912619E-02   0.898230321496087E-03   0.788030978972729E-03
   0.690227602227952E-03   0.603567773994995E-03   0.526908897503549E-03   0.459210517452762E-03
   0.399526751592699E-03   0.346999211813155E-03   0.300850285811887E-03   0.260376827705031E-03
   0.224944188944972E-03   0.193980516247636E-03   0.166971648090607E-03   0.143456038041965E-03
   0.123020225785686E-03   0.105294524954498E-03   0.899490390348865E-04   0.766899522868906E-04
   0.652561228657176E-04   0.554159048025016E-04   0.469642441746231E-04   0.397199979561521E-04
   0.335234929639045E-04   0.282342581557867E-04   0.237290019829713E-04   0.198997309902951E-04
   0.166520662667172E-04   0.139037114002368E-04   0.115830568968321E-04   0.962794716095520E-05
   0.798454406988844E-05   0.660633058386779E-05   0.545320639552207E-05   0.449068307577270E-05
   0.368917293115364E-05   0.302335364787524E-05   0.247160560029110E-05   0.201551690156815E-05
   0.163944675257931E-05   0.133014313317170E-05   0.107640518215859E-05   0.868791433328056E-06
   0.699364519344562E-06   0.561468734435126E-06   0.449538659686372E-06   0.358932913494280E-06
   0.285791497397055E-06   0.226913348838915E-06   0.179651225893075E-06   0.141822215519439E-06
   0.111631437206768E-06   0.876074419015911E-07   0.685475004391067E-07   0.534714453148598E-07
   0.415829507680893E-07   0.322370374415160E-07   0.249128937290200E-07   0.191913407559578E-07
   0.147360495038893E-07   0.112780409459750E-07   0.860290542537117E-08   0.654029684362096E-08
   0.495532353285299E-08   0.374153913168492E-08   0.281522639569786E-08   0.211077534972385E-08
   0.157694631476385E-08   0.117386548967119E-08   0.870615779282418E-09   0.643311318640860E-09
   0.473567636671841E-09   0.347286788633768E-09   0.253699125528704E-09   0.184609044531487E-09
   0.133803898482306E-09   0.965927575519895E-10   0.694477920424462E-10   0.497265069396569E-10
   0.354577014455910E-10   0.251769682004772E-10   0.178009535873427E-10   0.125316062982886E-10
   0.878354714298563E-11   0.612927181765453E-11   0.425793701893532E-11   0.294453173588990E-11
   0.202691231712470E-11   0.138876915501570E-11   0.947056643026553E-12   0.642756780314626E-12
   0.434126157214326E-12   0.291781132569583E-12   0.195138720364061E-12   0.129851664504307E-12
   0.859689540725437E-13   0.566236649118331E-13   0.371012154505562E-13   0.241815146779319E-13
   0.156767140875338E-13   0.101081878003566E-13   0.648199306563110E-14   0.413362172871905E-14
   0.262125463392779E-14   0.165277272000117E-14   0.103612287783613E-14   0.645761095255821E-15
   0.400094759218419E-15   0.246406315451265E-15   0.150836277229766E-15   0.917680629029786E-16
   0.554849714527986E-16   0.333367319847311E-16   0.199021534895429E-16   0.118051475529535E-16
   0.695667448125295E-17   0.407244222695448E-17   0.236807187332186E-17   0.136768062158695E-17
   0.784489532787697E-18   0.446852815685873E-18   0.252742666642438E-18   0.141935380177512E-18
   0.791337296907680E-19   0.437977537807344E-19   0.240614098010550E-19   0.131198467054375E-19
   0.709959659418104E-20   0.381236223744008E-20   0.203127167551060E-20   0.107377292691827E-20
   0.563098317230480E-21   0.292913576945471E-21   0.151124170556258E-21   0.773254628089835E-22
   0.392337511353120E-22   0.197378477448632E-22   0.984454644086088E-23   0.486743697354510E-23
   0.238542584936558E-23   0.115862768106506E-23   0.557680305433795E-24   0.265974807941580E-24
   0.125677955920640E-24   0.588288344754028E-25   0.272761013602255E-25   0.125251556782980E-25
   0.569560347525037E-26   0.256447604654107E-26   0.114315635481880E-26   0.504435611467084E-27
   0.220314668376773E-27   0.952274789703040E-28   0.407291525390857E-28   0.172351443348181E-28
   0.721493575092871E-29   0.298743682375057E-29   0.122335876162384E-29   0.495378326443970E-30
   0.198329236032078E-30   0.784947811574723E-31   0.307069078712324E-31   0.118715863226858E-31
   0.453517522645273E-32   0.171169597980144E-32   0.638175383012753E-33   0.234999628208258E-33
   0.854554929478277E-34   0.306824181788966E-34   0.108754243897354E-34   0.380486475972025E-35
   0.131370251653821E-35   0.447555869849572E-36   0.150423772961903E-36   0.498689633331063E-37
   0.163047310859549E-37   0.525642122529686E-38   0.167063933781921E-38   0.523375140136034E-39
   0.161585413452231E-39   0.491552374886913E-40   0.147310856302836E-40   0.434825308959386E-41
   0.126394090041602E-41   0.361731416730971E-42   0.101907897769466E-42   0.282556387168065E-43
   0.770886644936406E-44   0.206907061429809E-44   0.546222689087448E-45   0.141802139765269E-45
   0.361928205078021E-46   0.908019965218424E-47   0.223875824096035E-47   0.542328420354623E-48
   0.129051767462911E-48   0.301587918901348E-49   0.692011165906940E-50   0.155869422154719E-50
   0.344552672738331E-51   0.747298713385358E-52   0.158990956961458E-52   0.331729894924877E-53
   0.678615719751866E-54   0.136076188446949E-54   0.267392817689622E-55   0.514773135319468E-56
   0.970662699869337E-57   0.179222944085439E-57   0.323949046665630E-58   0.573061706264674E-59
   0.991859076822390E-60   0.167920370166320E-60   0.277997676314539E-61   0.449926408306668E-62
   0.711673882746222E-63   0.109985439193677E-63   0.166026654201196E-64   0.244726727586590E-65
   0.352141368887062E-66   0.494486429311061E-67   0.677425478959912E-68   0.905118616458077E-69
   0.117910238351330E-69   0.149714375123861E-70   0.185226996062139E-71   0.223220656592322E-72
   0.261948019600779E-73   0.299227623886427E-74   0.332627707297473E-75   0.359675671081108E-76
   0.378359183576196E-77   0.387904973188585E-78   0.386456936653932E-79   0.374002927226646E-80
   0.351470278619427E-81
 </PP_RHOATOM>
</UPF>
