    14, 1074, 0.0, 1.0
  <PP_R type="real" size="1074" columns="4">
   0.222706170000000E-05   0.448213640000000E-05   0.676557650000000E-05   0.907773870000000E-05
   0.114189840000000E-04   0.137896790000000E-04   0.161901940000000E-04   0.186209030000000E-04
   0.210821870000000E-04   0.235744300000000E-04   0.260980210000000E-04   0.286533560000000E-04
   0.312408320000000E-04   0.338608550000000E-04   0.365138340000000E-04   0.392001830000000E-04
   0.419203230000000E-04   0.446746770000000E-04   0.474636770000000E-04   0.502877590000000E-04
   0.531473620000000E-04   0.560429360000000E-04   0.589749310000000E-04   0.619438060000000E-04
   0.649500250000000E-04   0.679940570000000E-04   0.710763790000000E-04   0.741974710000000E-04
   0.773578220000000E-04   0.805579260000000E-04   0.837982810000000E-04   0.870793960000000E-04
   0.904017810000000E-04   0.937659580000000E-04   0.971724500000000E-04   0.100621790000000E-03
   0.104114520000000E-03   0.107651180000000E-03   0.111232330000000E-03   0.114858520000000E-03
   0.118530320000000E-03   0.122248310000000E-03   0.126013070000000E-03   0.129825180000000E-03
   0.133685240000000E-03   0.137593860000000E-03   0.141551640000000E-03   0.145559200000000E-03
   0.149617170000000E-03   0.153726180000000E-03   0.157886880000000E-03   0.162099920000000E-03
   0.166365940000000E-03   0.170685630000000E-03   0.175059650000000E-03   0.179488700000000E-03
   0.183973450000000E-03   0.188514610000000E-03   0.193112890000000E-03   0.197769020000000E-03
   0.202483710000000E-03   0.207257700000000E-03   0.212091740000000E-03   0.216986590000000E-03
   0.221943010000000E-03   0.226961770000000E-03   0.232043660000000E-03   0.237189470000000E-03
   0.242400010000000E-03   0.247676080000000E-03   0.253018530000000E-03   0.258428170000000E-03
   0.263905860000000E-03   0.269452450000000E-03   0.275068800000000E-03   0.280755800000000E-03
   0.286514340000000E-03   0.292345310000000E-03   0.298249620000000E-03   0.304228200000000E-03
   0.310281980000000E-03   0.316411910000000E-03   0.322618950000000E-03   0.328904050000000E-03
   0.335268220000000E-03   0.341712440000000E-03   0.348237710000000E-03   0.354845060000000E-03
   0.361535530000000E-03   0.368310150000000E-03   0.375169980000000E-03   0.382116100000000E-03
   0.389149590000000E-03   0.396271550000000E-03   0.403483090000000E-03   0.410785350000000E-03
   0.418179450000000E-03   0.425666570000000E-03   0.433247850000000E-03   0.440924500000000E-03
   0.448697710000000E-03   0.456568700000000E-03   0.464538680000000E-03   0.472608920000000E-03
   0.480780670000000E-03   0.489055210000000E-03   0.497433830000000E-03   0.505917840000000E-03
   0.514508560000000E-03   0.523207350000000E-03   0.532015550000000E-03   0.540934540000000E-03
   0.549965720000000E-03   0.559110500000000E-03   0.568370310000000E-03   0.577746590000000E-03
   0.587240810000000E-03   0.596854450000000E-03   0.606589010000000E-03   0.616446030000000E-03
   0.626427020000000E-03   0.636533570000000E-03   0.646767240000000E-03   0.657129630000000E-03
   0.667622360000000E-03   0.678247080000000E-03   0.689005440000000E-03   0.699899120000000E-03
   0.710929830000000E-03   0.722099290000000E-03   0.733409240000000E-03   0.744861460000000E-03
   0.756457720000000E-03   0.768199850000000E-03   0.780089680000000E-03   0.792129060000000E-03
   0.804319880000000E-03   0.816664040000000E-03   0.829163470000000E-03   0.841820120000000E-03
   0.854635980000000E-03   0.867613040000000E-03   0.880753330000000E-03   0.894058900000000E-03
   0.907531840000000E-03   0.921174250000000E-03   0.934988260000000E-03   0.948976020000000E-03
   0.963139730000000E-03   0.977481600000000E-03   0.992003870000000E-03   0.100670880000000E-02
   0.102159870000000E-02   0.103667590000000E-02   0.105194270000000E-02   0.106740160000000E-02
   0.108305490000000E-02   0.109890510000000E-02   0.111495470000000E-02   0.113120620000000E-02
   0.114766210000000E-02   0.116432500000000E-02   0.118119740000000E-02   0.119828210000000E-02
   0.121558170000000E-02   0.123309890000000E-02   0.125083640000000E-02   0.126879710000000E-02
   0.128698370000000E-02   0.130539900000000E-02   0.132404590000000E-02   0.134292740000000E-02
   0.136204650000000E-02   0.138140600000000E-02   0.140100900000000E-02   0.142085850000000E-02
   0.144095780000000E-02   0.146130990000000E-02   0.148191800000000E-02   0.150278530000000E-02
   0.152391500000000E-02   0.154531060000000E-02   0.156697530000000E-02   0.158891240000000E-02
   0.161112560000000E-02   0.163361810000000E-02   0.165639350000000E-02   0.167945550000000E-02
   0.170280750000000E-02   0.172645320000000E-02   0.175039640000000E-02   0.177464070000000E-02
   0.179919000000000E-02   0.182404810000000E-02   0.184921890000000E-02   0.187470620000000E-02
   0.190051420000000E-02   0.192664680000000E-02   0.195310810000000E-02   0.197990220000000E-02
   0.200703340000000E-02   0.203450580000000E-02   0.206232380000000E-02   0.209049170000000E-02
   0.211901390000000E-02   0.214789490000000E-02   0.217713920000000E-02   0.220675130000000E-02
   0.223673580000000E-02   0.226709760000000E-02   0.229784120000000E-02   0.232897160000000E-02
   0.236049350000000E-02   0.239241190000000E-02   0.242473180000000E-02   0.245745820000000E-02
   0.249059630000000E-02   0.252415120000000E-02   0.255812820000000E-02   0.259253250000000E-02
   0.262736970000000E-02   0.266264500000000E-02   0.269836400000000E-02   0.273453230000000E-02
   0.277115550000000E-02   0.280823940000000E-02   0.284578980000000E-02   0.288381250000000E-02
   0.292231340000000E-02   0.296129870000000E-02   0.300077430000000E-02   0.304074640000000E-02
   0.308122140000000E-02   0.312220540000000E-02   0.316370500000000E-02   0.320572660000000E-02
   0.324827670000000E-02   0.329136210000000E-02   0.333498940000000E-02   0.337916540000000E-02
   0.342389720000000E-02   0.346919160000000E-02   0.351505570000000E-02   0.356149670000000E-02
   0.360852190000000E-02   0.365613860000000E-02   0.370435420000000E-02   0.375317630000000E-02
   0.380261250000000E-02   0.385267050000000E-02   0.390335820000000E-02   0.395468350000000E-02
   0.400665430000000E-02   0.405927890000000E-02   0.411256540000000E-02   0.416652220000000E-02
   0.422115760000000E-02   0.427648030000000E-02   0.433249890000000E-02   0.438922210000000E-02
   0.444665880000000E-02   0.450481790000000E-02   0.456370860000000E-02   0.462334000000000E-02
   0.468372160000000E-02   0.474486260000000E-02   0.480677270000000E-02   0.486946150000000E-02
   0.493293880000000E-02   0.499721460000000E-02   0.506229890000000E-02   0.512820190000000E-02
   0.519493380000000E-02   0.526250500000000E-02   0.533092630000000E-02   0.540020810000000E-02
   0.547036140000000E-02   0.554139720000000E-02   0.561332640000000E-02   0.568616050000000E-02
   0.575991060000000E-02   0.583458840000000E-02   0.591020560000000E-02   0.598677390000000E-02
   0.606430530000000E-02   0.614281190000000E-02   0.622230600000000E-02   0.630280010000000E-02
   0.638430660000000E-02   0.646683840000000E-02   0.655040820000000E-02   0.663502930000000E-02
   0.672071470000000E-02   0.680747800000000E-02   0.689533260000000E-02   0.698429230000000E-02
   0.707437090000000E-02   0.716558260000000E-02   0.725794160000000E-02   0.735146230000000E-02
   0.744615940000000E-02   0.754204760000000E-02   0.763914190000000E-02   0.773745760000000E-02
   0.783700990000000E-02   0.793781440000000E-02   0.803988690000000E-02   0.814324330000000E-02
   0.824789970000000E-02   0.835387260000000E-02   0.846117840000000E-02   0.856983400000000E-02
   0.867985630000000E-02   0.879126250000000E-02   0.890407010000000E-02   0.901829650000000E-02
   0.913395980000000E-02   0.925107790000000E-02   0.936966920000000E-02   0.948975220000000E-02
   0.961134570000000E-02   0.973446860000000E-02   0.985914020000000E-02   0.998538000000000E-02
   0.101132080000000E-01   0.102426430000000E-01   0.103737070000000E-01   0.105064190000000E-01
   0.106408010000000E-01   0.107768720000000E-01   0.109146560000000E-01   0.110541720000000E-01
   0.111954440000000E-01   0.113384920000000E-01   0.114833400000000E-01   0.116300100000000E-01
   0.117785240000000E-01   0.119289070000000E-01   0.120811810000000E-01   0.122353710000000E-01
   0.123915000000000E-01   0.125495930000000E-01   0.127096740000000E-01   0.128717690000000E-01
   0.130359030000000E-01   0.132021020000000E-01   0.133703910000000E-01   0.135407970000000E-01
   0.137133460000000E-01   0.138880660000000E-01   0.140649830000000E-01   0.142441260000000E-01
   0.144255220000000E-01   0.146092000000000E-01   0.147951880000000E-01   0.149835160000000E-01
   0.151742120000000E-01   0.153673070000000E-01   0.155628310000000E-01   0.157608150000000E-01
   0.159612890000000E-01   0.161642840000000E-01   0.163698330000000E-01   0.165779670000000E-01
   0.167887190000000E-01   0.170021220000000E-01   0.172182100000000E-01   0.174370150000000E-01
   0.176585730000000E-01   0.178829170000000E-01   0.181100840000000E-01   0.183401080000000E-01
   0.185730250000000E-01   0.188088720000000E-01   0.190476850000000E-01   0.192895030000000E-01
   0.195343620000000E-01   0.197823010000000E-01   0.200333590000000E-01   0.202875750000000E-01
   0.205449880000000E-01   0.208056390000000E-01   0.210695690000000E-01   0.213368190000000E-01
   0.216074300000000E-01   0.218814450000000E-01   0.221589070000000E-01   0.224398580000000E-01
   0.227243440000000E-01   0.230124080000000E-01   0.233040960000000E-01   0.235994520000000E-01
   0.238985240000000E-01   0.242013570000000E-01   0.245080000000000E-01   0.248185000000000E-01
   0.251329050000000E-01   0.254512650000000E-01   0.257736300000000E-01   0.261000490000000E-01
   0.264305740000000E-01   0.267652570000000E-01   0.271041500000000E-01   0.274473050000000E-01
   0.277947770000000E-01   0.281466190000000E-01   0.285028870000000E-01   0.288636360000000E-01
   0.292289230000000E-01   0.295988050000000E-01   0.299733390000000E-01   0.303525840000000E-01
   0.307366000000000E-01   0.311254460000000E-01   0.315191830000000E-01   0.319178720000000E-01
   0.323215770000000E-01   0.327303590000000E-01   0.331442840000000E-01   0.335634140000000E-01
   0.339878170000000E-01   0.344175580000000E-01   0.348527050000000E-01   0.352933250000000E-01
   0.357394880000000E-01   0.361912620000000E-01   0.366487190000000E-01   0.371119300000000E-01
   0.375809680000000E-01   0.380559050000000E-01   0.385368170000000E-01   0.390237770000000E-01
   0.395168630000000E-01   0.400161510000000E-01   0.405217190000000E-01   0.410336470000000E-01
   0.415520140000000E-01   0.420769010000000E-01   0.426083900000000E-01   0.431465650000000E-01
   0.436915090000000E-01   0.442433070000000E-01   0.448020470000000E-01   0.453678140000000E-01
   0.459406980000000E-01   0.465207880000000E-01   0.471081750000000E-01   0.477029500000000E-01
   0.483052060000000E-01   0.489150380000000E-01   0.495325400000000E-01   0.501578100000000E-01
   0.507909440000000E-01   0.514320430000000E-01   0.520812050000000E-01   0.527385330000000E-01
   0.534041300000000E-01   0.540780980000000E-01   0.547605440000000E-01   0.554515740000000E-01
   0.561512960000000E-01   0.568598190000000E-01   0.575772550000000E-01   0.583037140000000E-01
   0.590393120000000E-01   0.597841620000000E-01   0.605383810000000E-01   0.613020870000000E-01
   0.620754000000000E-01   0.628584390000000E-01   0.636513280000000E-01   0.644541900000000E-01
   0.652671510000000E-01   0.660903380000000E-01   0.669238790000000E-01   0.677679050000000E-01
   0.686225480000000E-01   0.694879400000000E-01   0.703642180000000E-01   0.712515180000000E-01
   0.721499790000000E-01   0.730597410000000E-01   0.739809460000000E-01   0.749137390000000E-01
   0.758582650000000E-01   0.768146710000000E-01   0.777831080000000E-01   0.787637260000000E-01
   0.797566790000000E-01   0.807621210000000E-01   0.817802110000000E-01   0.828111060000000E-01
   0.838549690000000E-01   0.849119620000000E-01   0.859822500000000E-01   0.870660000000000E-01
   0.881633830000000E-01   0.892745690000000E-01   0.903997320000000E-01   0.915390470000000E-01
   0.926926940000000E-01   0.938608520000000E-01   0.950437030000000E-01   0.962414330000000E-01
   0.974542280000000E-01   0.986822780000000E-01   0.999257750000000E-01   0.101184910000000E+00
   0.102459890000000E+00   0.103750900000000E+00   0.105058160000000E+00   0.106381850000000E+00
   0.107722200000000E+00   0.109079400000000E+00   0.110453680000000E+00   0.111845250000000E+00
   0.113254310000000E+00   0.114681100000000E+00   0.116125840000000E+00   0.117588750000000E+00
   0.119070060000000E+00   0.120570010000000E+00   0.122088820000000E+00   0.123626730000000E+00
   0.125183990000000E+00   0.126760840000000E+00   0.128357520000000E+00   0.129974290000000E+00
   0.131611390000000E+00   0.133269090000000E+00   0.134947630000000E+00   0.136647290000000E+00
   0.138368330000000E+00   0.140111020000000E+00   0.141875620000000E+00   0.143662430000000E+00
   0.145471700000000E+00   0.147303740000000E+00   0.149158820000000E+00   0.151037230000000E+00
   0.152939270000000E+00   0.154865240000000E+00   0.156815430000000E+00   0.158790160000000E+00
   0.160789720000000E+00   0.162814430000000E+00   0.164864610000000E+00   0.166940580000000E+00
   0.169042660000000E+00   0.171171180000000E+00   0.173326480000000E+00   0.175508880000000E+00
   0.177718740000000E+00   0.179956390000000E+00   0.182222190000000E+00   0.184516490000000E+00
   0.186839650000000E+00   0.189192030000000E+00   0.191574000000000E+00   0.193985930000000E+00
   0.196428200000000E+00   0.198901190000000E+00   0.201405290000000E+00   0.203940880000000E+00
   0.206508370000000E+00   0.209108150000000E+00   0.211740640000000E+00   0.214406230000000E+00
   0.217105360000000E+00   0.219838440000000E+00   0.222605890000000E+00   0.225408150000000E+00
   0.228245670000000E+00   0.231118870000000E+00   0.234028220000000E+00   0.236974160000000E+00
   0.239957150000000E+00   0.242977670000000E+00   0.246036180000000E+00   0.249133160000000E+00
   0.252269090000000E+00   0.255444480000000E+00   0.258659800000000E+00   0.261915570000000E+00
   0.265212280000000E+00   0.268550470000000E+00   0.271930650000000E+00   0.275353340000000E+00
   0.278819090000000E+00   0.282328430000000E+00   0.285881910000000E+00   0.289480090000000E+00
   0.293123530000000E+00   0.296812790000000E+00   0.300548460000000E+00   0.304331130000000E+00
   0.308161370000000E+00   0.312039790000000E+00   0.315966990000000E+00   0.319943590000000E+00
   0.323970220000000E+00   0.328047490000000E+00   0.332176040000000E+00   0.336356530000000E+00
   0.340589600000000E+00   0.344875920000000E+00   0.349216150000000E+00   0.353610980000000E+00
   0.358061080000000E+00   0.362567160000000E+00   0.367129920000000E+00   0.371750080000000E+00
   0.376428340000000E+00   0.381165460000000E+00   0.385962160000000E+00   0.390819190000000E+00
   0.395737320000000E+00   0.400717310000000E+00   0.405759940000000E+00   0.410865990000000E+00
   0.416036280000000E+00   0.421271600000000E+00   0.426572770000000E+00   0.431940620000000E+00
   0.437375990000000E+00   0.442879730000000E+00   0.448452700000000E+00   0.454095770000000E+00
   0.459809820000000E+00   0.465595740000000E+00   0.471454440000000E+00   0.477386840000000E+00
   0.483393850000000E+00   0.489476420000000E+00   0.495635500000000E+00   0.501872060000000E+00
   0.508187060000000E+00   0.514581490000000E+00   0.521056360000000E+00   0.527612670000000E+00
   0.534251450000000E+00   0.540973730000000E+00   0.547780570000000E+00   0.554673030000000E+00
   0.561652180000000E+00   0.568719120000000E+00   0.575874950000000E+00   0.583120800000000E+00
   0.590457780000000E+00   0.597887050000000E+00   0.605409770000000E+00   0.613027120000000E+00
   0.620740280000000E+00   0.628550460000000E+00   0.636458870000000E+00   0.644466770000000E+00
   0.652575390000000E+00   0.660786000000000E+00   0.669099900000000E+00   0.677518360000000E+00
   0.686042720000000E+00   0.694674300000000E+00   0.703414460000000E+00   0.712264550000000E+00
   0.721225960000000E+00   0.730300100000000E+00   0.739488370000000E+00   0.748792210000000E+00
   0.758213090000000E+00   0.767752460000000E+00   0.777411820000000E+00   0.787192690000000E+00
   0.797096580000000E+00   0.807125050000000E+00   0.817279660000000E+00   0.827562000000000E+00
   0.837973670000000E+00   0.848516310000000E+00   0.859191560000000E+00   0.870001090000000E+00
   0.880946580000000E+00   0.892029750000000E+00   0.903252330000000E+00   0.914616070000000E+00
   0.926122750000000E+00   0.937774170000000E+00   0.949572150000000E+00   0.961518520000000E+00
   0.973615160000000E+00   0.985863960000000E+00   0.998266830000000E+00   0.101082570000000E+01
   0.102354260000000E+01   0.103641940000000E+01   0.104945810000000E+01   0.106266090000000E+01
   0.107602980000000E+01   0.108956680000000E+01   0.110327410000000E+01   0.111715380000000E+01
   0.113120810000000E+01   0.114543920000000E+01   0.115984920000000E+01   0.117444060000000E+01
   0.118921540000000E+01   0.120417620000000E+01   0.121932510000000E+01   0.123466450000000E+01
   0.125019690000000E+01   0.126592470000000E+01   0.128185030000000E+01   0.129797620000000E+01
   0.131430490000000E+01   0.133083910000000E+01   0.134758120000000E+01   0.136453390000000E+01
   0.138169990000000E+01   0.139908170000000E+01   0.141668230000000E+01   0.143450420000000E+01
   0.145255020000000E+01   0.147082330000000E+01   0.148932620000000E+01   0.150806180000000E+01
   0.152703310000000E+01   0.154624310000000E+01   0.156569470000000E+01   0.158539090000000E+01
   0.160533490000000E+01   0.162552970000000E+01   0.164597860000000E+01   0.166668470000000E+01
   0.168765120000000E+01   0.170888150000000E+01   0.173037880000000E+01   0.175214650000000E+01
   0.177418800000000E+01   0.179650680000000E+01   0.181910630000000E+01   0.184199010000000E+01
   0.186516170000000E+01   0.188862480000000E+01   0.191238300000000E+01   0.193644000000000E+01
   0.196079970000000E+01   0.198546570000000E+01   0.201044200000000E+01   0.203573250000000E+01
   0.206134110000000E+01   0.208727180000000E+01   0.211352870000000E+01   0.214011580000000E+01
   0.216703740000000E+01   0.219429760000000E+01   0.222190070000000E+01   0.224985100000000E+01
   0.227815280000000E+01   0.230681070000000E+01   0.233582900000000E+01   0.236521240000000E+01
   0.239496530000000E+01   0.242509250000000E+01   0.245559860000000E+01   0.248648850000000E+01
   0.251776690000000E+01   0.254943870000000E+01   0.258150890000000E+01   0.261398250000000E+01
   0.264686460000000E+01   0.268016030000000E+01   0.271387480000000E+01   0.274801340000000E+01
   0.278258140000000E+01   0.281758420000000E+01   0.285302720000000E+01   0.288891610000000E+01
   0.292525640000000E+01   0.296205390000000E+01   0.299931410000000E+01   0.303704310000000E+01
   0.307524660000000E+01   0.311393070000000E+01   0.315310130000000E+01   0.319276470000000E+01
   0.323292700000000E+01   0.327359440000000E+01   0.331477340000000E+01   0.335647030000000E+01
   0.339869170000000E+01   0.344144430000000E+01   0.348473450000000E+01   0.352856930000000E+01
   0.357295550000000E+01   0.361790000000000E+01   0.366340980000000E+01   0.370949200000000E+01
   0.375615390000000E+01   0.380340270000000E+01   0.385124590000000E+01   0.389969080000000E+01
   0.394874510000000E+01   0.399841640000000E+01   0.404871250000000E+01   0.409964130000000E+01
   0.415121070000000E+01   0.420342870000000E+01   0.425630360000000E+01   0.430984350000000E+01
   0.436405690000000E+01   0.441895220000000E+01   0.447453800000000E+01   0.453082300000000E+01
   0.458781590000000E+01   0.464552580000000E+01   0.470396150000000E+01   0.476313230000000E+01
   0.482304740000000E+01   0.488371610000000E+01   0.494514790000000E+01   0.500735240000000E+01
   0.507033940000000E+01   0.513411860000000E+01   0.519870010000000E+01   0.526409390000000E+01
   0.533031030000000E+01   0.539735960000000E+01   0.546525220000000E+01   0.553399890000000E+01
   0.560361020000000E+01   0.567409720000000E+01   0.574547080000000E+01   0.581774210000000E+01
   0.589092260000000E+01   0.596502350000000E+01   0.604005640000000E+01   0.611603320000000E+01
   0.619296570000000E+01   0.627086580000000E+01   0.634974580000000E+01   0.642961800000000E+01
   0.651049490000000E+01   0.659238910000000E+01   0.667531340000000E+01   0.675928070000000E+01
   0.684430420000000E+01   0.693039720000000E+01   0.701757310000000E+01   0.710584550000000E+01
   0.719522830000000E+01   0.728573530000000E+01   0.737738080000000E+01   0.747017910000000E+01
   0.756414460000000E+01   0.765929200000000E+01   0.775563630000000E+01   0.785319240000000E+01
   0.795197560000000E+01   0.805200140000000E+01   0.815328530000000E+01   0.825584330000000E+01
   0.835969120000000E+01   0.846484540000000E+01   0.857132230000000E+01   0.867913850000000E+01
   0.878831080000000E+01   0.889885640000000E+01   0.901079250000000E+01   0.912413650000000E+01
   0.923890620000000E+01   0.935511960000000E+01   0.947279470000000E+01   0.959195010000000E+01
   0.971260420000000E+01   0.983477590000000E+01   0.995848440000000E+01   0.100837490000000E+02
   0.102105890000000E+02   0.103390250000000E+02   0.104690760000000E+02   0.106007630000000E+02
   0.107341060000000E+02   0.108691270000000E+02   0.110058460000000E+02   0.111442850000000E+02
   0.112844650000000E+02   0.114264080000000E+02   0.115701370000000E+02   0.117156730000000E+02
   0.118630410000000E+02   0.120122620000000E+02   0.121633600000000E+02   0.123163580000000E+02
   0.124712810000000E+02   0.126281530000000E+02   0.127869970000000E+02   0.129478400000000E+02
   0.131107060000000E+02   0.132756210000000E+02   0.134426100000000E+02   0.136116990000000E+02
   0.137829160000000E+02   0.139562860000000E+02   0.141318360000000E+02   0.143095950000000E+02
   0.144895900000000E+02   0.146718490000000E+02   0.148564000000000E+02   0.150432730000000E+02
   0.152324960000000E+02   0.154241000000000E+02   0.156181130000000E+02   0.158145670000000E+02
   0.160134920000000E+02   0.162149190000000E+02   0.164188800000000E+02   0.166254060000000E+02
   0.168345300000000E+02   0.170462850000000E+02   0.172607030000000E+02   0.174778180000000E+02
   0.176976640000000E+02   0.179202760000000E+02   0.181456870000000E+02   0.183739340000000E+02
   0.186050520000000E+02   0.188390770000000E+02   0.190760460000000E+02   0.193159950000000E+02
   0.195589620000000E+02   0.198049860000000E+02   0.200541040000000E+02   0.203063560000000E+02
   0.205617810000000E+02   0.208204190000000E+02   0.210823090000000E+02   0.213474940000000E+02
   0.216160150000000E+02   0.218879130000000E+02   0.221632320000000E+02   0.224420130000000E+02
   0.227243010000000E+02   0.230101400000000E+02   0.232995740000000E+02   0.235926490000000E+02
   0.238894100000000E+02   0.241899040000000E+02   0.244941780000000E+02   0.248022790000000E+02
   0.251142550000000E+02   0.254301560000000E+02   0.257500300000000E+02   0.260739280000000E+02
   0.264019000000000E+02   0.267339970000000E+02   0.270702710000000E+02   0.274107760000000E+02
   0.277555630000000E+02   0.281046870000000E+02   0.284582030000000E+02   0.288161650000000E+02
   0.291786300000000E+02   0.295456550000000E+02   0.299172950000000E+02   0.302936110000000E+02
   0.306746600000000E+02   0.310605020000000E+02   0.314511970000000E+02   0.318468070000000E+02
   0.322473920000000E+02   0.326530170000000E+02   0.330637430000000E+02   0.334796360000000E+02
   0.339007600000000E+02   0.343271820000000E+02   0.347589670000000E+02   0.351961830000000E+02
   0.356388990000000E+02   0.360871830000000E+02   0.365411060000000E+02   0.370007390000000E+02
   0.374661530000000E+02   0.379374220000000E+02   0.384146180000000E+02   0.388978170000000E+02
   0.393870930000000E+02   0.398825240000000E+02   0.403841870000000E+02   0.408921590000000E+02
   0.414065220000000E+02   0.419273540000000E+02   0.424547370000000E+02   0.429887540000000E+02
   0.435294880000000E+02   0.440770240000000E+02   0.446314470000000E+02   0.451928440000000E+02
   0.457613020000000E+02   0.463369110000000E+02   0.469197590000000E+02   0.475099400000000E+02
   0.481075430000000E+02   0.487126640000000E+02   0.493253960000000E+02   0.499458350000000E+02
   0.505740790000000E+02   0.512102250000000E+02   0.518543720000000E+02   0.525066220000000E+02
   0.531670760000000E+02   0.538358380000000E+02   0.545130120000000E+02   0.551987030000000E+02
   0.558930200000000E+02   0.565960700000000E+02   0.573079630000000E+02   0.580288100000000E+02
   0.587587250000000E+02   0.594978210000000E+02   0.602462140000000E+02   0.610040200000000E+02
   0.617713590000000E+02   0.625483490000000E+02   0.633351120000000E+02   0.641317720000000E+02
   0.649384530000000E+02   0.657552800000000E+02   0.665823820000000E+02   0.674198880000000E+02
   0.682679280000000E+02   0.691266350000000E+02   0.699961430000000E+02   0.708765880000000E+02
   0.717681080000000E+02   0.726708420000000E+02   0.735849310000000E+02   0.745105180000000E+02
   0.754477470000000E+02   0.763967650000000E+02   0.773577200000000E+02   0.783307630000000E+02
   0.793160450000000E+02   0.803137200000000E+02   0.813239440000000E+02   0.823468760000000E+02
   0.833826740000000E+02   0.844315020000000E+02   0.854935210000000E+02   0.865689000000000E+02
   0.876578050000000E+02   0.887604060000000E+02   0.898768770000000E+02   0.910073910000000E+02
   0.921521250000000E+02   0.933112590000000E+02   0.944849720000000E+02   0.956734490000000E+02
   0.968768750000000E+02   0.980954380000000E+02   0.993293290000000E+02   0.100578740000000E+03
   0.101843870000000E+03   0.103124910000000E+03   0.104422060000000E+03   0.105735530000000E+03
   0.107065520000000E+03   0.108412240000000E+03   0.109775900000000E+03   0.111156720000000E+03
   0.112554900000000E+03   0.113970670000000E+03   0.115404240000000E+03   0.116855850000000E+03
   0.118325720000000E+03   0.119814080000000E+03
 </PP_R>
<PP_RHOATOM type="real" size="1074" columns="4">
   0.618478917218949E-12   0.250513156525860E-11   0.570781672592498E-11   0.102758026934485E-10
   0.162598049127326E-10   0.237120288716485E-10   0.326862055389124E-10   0.432376296720627E-10
   0.554232162344415E-10   0.693015269697723E-10   0.849328220937060E-10   0.102379120350951E-09
   0.121704205453913E-09   0.142973728454339E-09   0.166255214898129E-09   0.191618127588652E-09
   0.219133938280900E-09   0.248876130683655E-09   0.280920325976328E-09   0.315344288112245E-09
   0.352227962387507E-09   0.391653636472636E-09   0.433705857971069E-09   0.478471614078583E-09
   0.526040341655564E-09   0.576503988686699E-09   0.629957130160581E-09   0.686496951185355E-09
   0.746223420402497E-09   0.809239292236592E-09   0.875650154376245E-09   0.945564645441980E-09
   0.101909432540067E-08   0.109635398905966E-08   0.117746150327825E-08   0.126253809186829E-08
   0.135170840871663E-08   0.144510033946181E-08   0.154284566188202E-08   0.164507933649743E-08
   0.175194041014196E-08   0.186357186596297E-08   0.198012042133760E-08   0.210173659510649E-08
   0.222857544245909E-08   0.236079637816992E-08   0.249856259210225E-08   0.264204216263310E-08
   0.279140785872822E-08   0.294683688524544E-08   0.310851175016300E-08   0.327661964179711E-08
   0.345135209821197E-08   0.363290759283312E-08   0.382148839949487E-08   0.401730365317366E-08
   0.422056645189124E-08   0.443149707455639E-08   0.465032137748720E-08   0.487727188138485E-08
   0.511258597073948E-08   0.535650846522322E-08   0.560929084695146E-08   0.587119143164472E-08
   0.614247498994073E-08   0.642341342941088E-08   0.671428655406136E-08   0.701538169194733E-08
   0.732699280673090E-08   0.764942220033808E-08   0.798298218957130E-08   0.832799031213077E-08
   0.868477511856074E-08   0.905367262259106E-08   0.943502775000686E-08   0.982919595691559E-08
   0.102365414520473E-07   0.106574373545598E-07   0.110922673414718E-07   0.115414259585239E-07
   0.120053173909727E-07   0.124843572151752E-07   0.129789719242884E-07   0.134895975476410E-07
   0.140166867328688E-07   0.145606972969713E-07   0.151221031319342E-07   0.157013910885456E-07
   0.162990607072268E-07   0.169156226775782E-07   0.175516027124286E-07   0.182075410721938E-07
   0.188839910258984E-07   0.195815210616425E-07   0.203007142969652E-07   0.210421725485031E-07
   0.218065049630898E-07   0.225943465140374E-07   0.234063414597261E-07   0.242431569583647E-07
   0.251054739445096E-07   0.259939929157276E-07   0.269094298849260E-07   0.278525248297917E-07
   0.288240353210419E-07   0.298247335794041E-07   0.308554182404943E-07   0.319169070534297E-07
   0.330100383797420E-07   0.341356755629065E-07   0.352947025871880E-07   0.364880211061399E-07
   0.377165651957852E-07   0.389812895451943E-07   0.402831741177927E-07   0.416232233462889E-07
   0.430024730373561E-07   0.444219745113631E-07   0.458828170000260E-07   0.473861179677281E-07
   0.489330164623830E-07   0.505246947200138E-07   0.521623458558803E-07   0.538472093413841E-07
   0.555805528936259E-07   0.573636834627664E-07   0.591979247777251E-07   0.610846502605928E-07
   0.630252660465706E-07   0.650212180303548E-07   0.670739737568627E-07   0.691850577803641E-07
   0.713560287909695E-07   0.735884758802990E-07   0.758840421585777E-07   0.782444133078122E-07
   0.806713032434770E-07   0.831664863393423E-07   0.857317848082313E-07   0.883690466292349E-07
   0.910801914554424E-07   0.938671840485824E-07   0.967320206776370E-07   0.996767785403896E-07
   0.102703560367222E-06   0.105814552012352E-06   0.109011963301313E-06   0.112298084919596E-06
   0.115675273007383E-06   0.119145912683411E-06   0.122712488739415E-06   0.126377509403918E-06
   0.130143592890552E-06   0.134013392514938E-06   0.137989613578824E-06   0.142075109168735E-06
   0.146272700051533E-06   0.150585371317194E-06   0.155016141887194E-06   0.159568098815474E-06
   0.164244437908832E-06   0.169048404919990E-06   0.173983343801869E-06   0.179052722985269E-06
   0.184260044579490E-06   0.189608905413232E-06   0.195103029761088E-06   0.200746244291626E-06
   0.206542415158830E-06   0.212495527945094E-06   0.218609691517187E-06   0.224889123975124E-06
   0.231338194287743E-06   0.237961248614538E-06   0.244762852439788E-06   0.251747640433384E-06
   0.258920459588834E-06   0.266286160023586E-06   0.273849774133961E-06   0.281616448744027E-06
   0.289591470357128E-06   0.297780290733073E-06   0.306188439840033E-06   0.314821587646560E-06
   0.323685692152751E-06   0.332786672840650E-06   0.342130664960287E-06   0.351724065323707E-06
   0.361573292449116E-06   0.371684949617079E-06   0.382065950949685E-06   0.392723159374779E-06
   0.403663849277431E-06   0.414895288234081E-06   0.426425084340677E-06   0.438260871582697E-06
   0.450410640799791E-06   0.462882530359957E-06   0.475684849709449E-06   0.488826131835617E-06
   0.502315201658550E-06   0.516160983346061E-06   0.530372754188479E-06   0.544959950100631E-06
   0.559932271579905E-06   0.575299691086137E-06   0.591072406304976E-06   0.607260892841261E-06
   0.623875770884045E-06   0.640928214108356E-06   0.658429426423361E-06   0.676390991684779E-06
   0.694824794490876E-06   0.713743000469077E-06   0.733158045195693E-06   0.753082819731657E-06
   0.773530452308584E-06   0.794514363127581E-06   0.816048399733900E-06   0.838146656961527E-06
   0.860823874789440E-06   0.884094656341926E-06   0.907974402680322E-06   0.932478868162614E-06
   0.957623937077734E-06   0.983426290951596E-06   0.100990275748575E-05   0.103707061797652E-05
   0.106494761231650E-05   0.109355209845537E-05   0.112290262518826E-05   0.115301837981518E-05
   0.118391913365850E-05   0.121562496807473E-05   0.124815661134532E-05   0.128153509226031E-05
   0.131578229656694E-05   0.135092053722750E-05   0.138697256594878E-05   0.142396180849635E-05
   0.146191258729777E-05   0.150084916338341E-05   0.154079707183792E-05   0.158178214829292E-05
   0.162383101640046E-05   0.166697089590314E-05   0.171122970573601E-05   0.175663631531921E-05
   0.180321981925598E-05   0.185101062635989E-05   0.190003958638436E-05   0.195033838399276E-05
   0.200193941060163E-05   0.205487634657379E-05   0.210918310016713E-05   0.216489463061986E-05
   0.222204727163541E-05   0.228067753813735E-05   0.234082336194073E-05   0.240252364413049E-05
   0.246581799448743E-05   0.253074709405030E-05   0.259735307799060E-05   0.266567828614695E-05
   0.273576730756678E-05   0.280766496264234E-05   0.288141720085622E-05   0.295707178921043E-05
   0.303467711205540E-05   0.311428311117625E-05   0.319594110008952E-05   0.327970328543410E-05
   0.336562328646907E-05   0.345375617548919E-05   0.354415906607756E-05   0.363688925534411E-05
   0.373200669778325E-05   0.382957179444242E-05   0.392964767660993E-05   0.403229786304852E-05
   0.413758830142739E-05   0.424558630245259E-05   0.435636135317413E-05   0.446998380123595E-05
   0.458652671461567E-05   0.470606421859320E-05   0.482867275427397E-05   0.495443117631678E-05
   0.508341915658289E-05   0.521571974072396E-05   0.535141667991858E-05   0.549059741746124E-05
   0.563334998410169E-05   0.577976626671762E-05   0.592993895023514E-05   0.608396440691072E-05
   0.624194019595276E-05   0.640396774203292E-05   0.657015024742303E-05   0.674059303487628E-05
   0.691540538927999E-05   0.709469793926132E-05   0.727858546026117E-05   0.746718530910746E-05
   0.766061726487544E-05   0.785900392453762E-05   0.806247225587175E-05   0.827115098306183E-05
   0.848517340709329E-05   0.870467667809457E-05   0.892979799086008E-05   0.916068287943905E-05
   0.939747728804736E-05   0.964033100058821E-05   0.988939932013492E-05   0.101448408471094E-04
   0.104068168554730E-04   0.106754941920044E-04   0.109510437616047E-04   0.112336405137560E-04
   0.115234640058763E-04   0.118206980339104E-04   0.121255314585313E-04   0.124381588389148E-04
   0.127587773402243E-04   0.130875894944437E-04   0.134248064011924E-04   0.137706403629881E-04
   0.141253141707151E-04   0.144890452829678E-04   0.148620740312167E-04   0.152446290454592E-04
   0.156369602151436E-04   0.160393093813790E-04   0.164519362738948E-04   0.168751020838579E-04
   0.173090724828830E-04   0.177541264873726E-04   0.182105417776147E-04   0.186786142327259E-04
   0.191586343432133E-04   0.196509081351640E-04   0.201557485559660E-04   0.206734755168602E-04
   0.212044177201583E-04   0.217489145861288E-04   0.223073045729357E-04   0.228799455552057E-04
   0.234671982893750E-04   0.240694384380692E-04   0.246870450931081E-04   0.253204104044893E-04
   0.259699361911797E-04   0.266360364824550E-04   0.273191265425638E-04   0.280196469211743E-04
   0.287380362689567E-04   0.294747520141522E-04   0.302302626864319E-04   0.310050488921729E-04
   0.317995980262426E-04   0.326144096804751E-04   0.334500078764202E-04   0.343069176696942E-04
   0.351856869030257E-04   0.360868672718092E-04   0.370110384915184E-04   0.379587759521301E-04
   0.389306913101385E-04   0.399273905797474E-04   0.409495142280839E-04   0.419977102689206E-04
   0.430726370370867E-04   0.441749823596104E-04   0.453054378013845E-04   0.464647356064994E-04
   0.476535991510290E-04   0.488727901067463E-04   0.501230795980751E-04   0.514052598610979E-04
   0.527201450648322E-04   0.540685695985723E-04   0.554513996427977E-04   0.568695033515033E-04
   0.583237862657445E-04   0.598151714507965E-04   0.613446073428182E-04   0.629130580936226E-04
   0.645215423396476E-04   0.661710643414793E-04   0.678626836285865E-04   0.695974667911098E-04
   0.713765280474632E-04   0.732009888620698E-04   0.750720321615883E-04   0.769908255911534E-04
   0.789586056521843E-04   0.809766249562541E-04   0.830461706828973E-04   0.851685593510143E-04
   0.873451434186409E-04   0.895773198312629E-04   0.918665103904278E-04   0.942141690249005E-04
   0.966218031644109E-04   0.990909485951416E-04   0.101623189460632E-03   0.104220138793413E-03
   0.106883469230948E-03   0.109614874772055E-03   0.112416096040366E-03   0.115288946755331E-03
   0.118235262649785E-03   0.121256922714682E-03   0.124355883991139E-03   0.127534109124537E-03
   0.130793669744775E-03   0.134136630197779E-03   0.137565174931647E-03   0.141081462012732E-03
   0.144687805167312E-03   0.148386489540084E-03   0.152179912837586E-03   0.156070520212740E-03
   0.160060814909286E-03   0.164153378148656E-03   0.168350862123640E-03   0.172655957041190E-03
   0.177071475360430E-03   0.181600258225134E-03   0.186245235640284E-03   0.191009436483005E-03
   0.195895933855935E-03   0.200907914240205E-03   0.206048611108277E-03   0.211321403063791E-03
   0.216729687738109E-03   0.222277014250336E-03   0.227966991677712E-03   0.233803316147571E-03
   0.239789834613215E-03   0.245930412095151E-03   0.252229135227169E-03   0.258690075151080E-03
   0.265317475051235E-03   0.272115731336580E-03   0.279089261829317E-03   0.286242676175486E-03
   0.293580696608557E-03   0.301108136002494E-03   0.308829980541222E-03   0.316751338229372E-03
   0.324877465061151E-03   0.333213730742308E-03   0.341765646229589E-03   0.350538950350246E-03
   0.359539465921180E-03   0.368773142513279E-03   0.378246200438865E-03   0.387964969868512E-03
   0.397935901186238E-03   0.408165741689496E-03   0.418661353018669E-03   0.429429733949229E-03
   0.440478246932492E-03   0.451814253890932E-03   0.463445463482551E-03   0.475379757202983E-03
   0.487625242960199E-03   0.500190216176028E-03   0.513083216775401E-03   0.526313106077718E-03
   0.539888893572500E-03   0.553819917842269E-03   0.568115681579869E-03   0.582786067848270E-03
   0.597841184473573E-03   0.613291443835670E-03   0.629147514775849E-03   0.645420471489850E-03
   0.662121576054900E-03   0.679262500585707E-03   0.696855259959102E-03   0.714912125721453E-03
   0.733445857314174E-03   0.752469530455656E-03   0.771996525699120E-03   0.792040670944216E-03
   0.812616304755028E-03   0.833737955277434E-03   0.855420833998042E-03   0.877680450084865E-03
   0.900532788770852E-03   0.923994380064556E-03   0.948082124697622E-03   0.972813568783280E-03
   0.998206675160500E-03   0.102428002664258E-02   0.105105273022289E-02   0.107854443879914E-02
   0.110677546158394E-02   0.113576682650165E-02   0.116553985805564E-02   0.119611703021215E-02
   0.122752107944474E-02   0.125977566339636E-02   0.129290516801786E-02   0.132693464216472E-02
   0.136189017024384E-02   0.139779809188147E-02   0.143468656749991E-02   0.147258325201930E-02
   0.151151821031505E-02   0.155152102807378E-02   0.159262365701812E-02   0.163485804605159E-02
   0.167825703635858E-02   0.172285549592602E-02   0.176868900943390E-02   0.181579395245237E-02
   0.186420823953724E-02   0.191397124127810E-02   0.196512289578170E-02   0.201770498975625E-02
   0.207176091958150E-02   0.212733525036665E-02   0.218447375844180E-02   0.224322466118912E-02
   0.230363630492789E-02   0.236576064867583E-02   0.242964933471525E-02   0.249535762369684E-02
   0.256294143647640E-02   0.263245943051387E-02   0.270397136775529E-02   0.277754047335180E-02
   0.285323050835201E-02   0.293110923756202E-02   0.301124526177313E-02   0.309371048516501E-02
   0.317857959441100E-02   0.326592930122900E-02   0.335583916360155E-02   0.344839220582452E-02
   0.354367345921607E-02   0.364177216418811E-02   0.374278005783969E-02   0.384679255557719E-02
   0.395390866040739E-02   0.406423065587246E-02   0.417786546833503E-02   0.429492277775349E-02
   0.441551776448222E-02   0.453976846703141E-02   0.466779894911492E-02   0.479973685946554E-02
   0.493571523898885E-02   0.507587153518586E-02   0.522034979639591E-02   0.536929853243653E-02
   0.552287259828735E-02   0.568123208986662E-02   0.584454433816262E-02   0.601298269204819E-02
   0.618672739453776E-02   0.636596592720594E-02   0.655089371077237E-02   0.674171207431023E-02
   0.693863354775042E-02   0.714187578588377E-02   0.735166784131515E-02   0.756824623598569E-02
   0.779185879927282E-02   0.802276191158753E-02   0.826122359992535E-02   0.850752189696922E-02
   0.876194642166913E-02   0.902480077859113E-02   0.929639775736414E-02   0.957706511695915E-02
   0.986714419101585E-02   0.101669922047160E-01   0.104769773907180E-01   0.107974873440551E-01
   0.111289225868145E-01   0.114717049998172E-01   0.118262709625870E-01   0.121930759354840E-01
   0.125725958595490E-01   0.129653271963172E-01   0.133717856194596E-01   0.137925128204467E-01
   0.142280706452584E-01   0.146790454591740E-01   0.151460521722712E-01   0.156297308154758E-01
   0.161307463325203E-01   0.166497982929156E-01   0.171876116519696E-01   0.177449487920568E-01
   0.183226032493536E-01   0.189213995311805E-01   0.195422056946309E-01   0.201859248908197E-01
   0.208535010702559E-01   0.215459195499846E-01   0.222642089628913E-01   0.230094478165289E-01
   0.237827603706083E-01   0.245853188998379E-01   0.254183555458914E-01   0.262831534168548E-01
   0.271810488856490E-01   0.281134504236972E-01   0.290818218952478E-01   0.300876927764394E-01
   0.311326700041916E-01   0.322184256671557E-01   0.333467145955939E-01   0.345193629119672E-01
   0.357382911934223E-01   0.370055012763164E-01   0.383230878616919E-01   0.396932391498059E-01
   0.411182509523963E-01   0.426005165647613E-01   0.441425446524217E-01   0.457469562914853E-01
   0.474164967006649E-01   0.491540267381889E-01   0.509625574753987E-01   0.528452187220397E-01
   0.548052978254150E-01   0.568462286222510E-01   0.589716025430189E-01   0.611851771131029E-01
   0.634908787527526E-01   0.658928186427724E-01   0.683952989756957E-01   0.710028050224860E-01
   0.737200460983216E-01   0.765519284625037E-01   0.795035954307125E-01   0.825804129751161E-01
   0.857879958523014E-01   0.891322136517541E-01   0.926191925160735E-01   0.962553411377938E-01
   0.100047352855636E+00   0.104002209199261E+00   0.108127210297026E+00   0.112429976209345E+00
   0.116918445871495E+00   0.121600917489357E+00   0.126486035078587E+00   0.131582828877983E+00
   0.136900681372732E+00   0.142449383716227E+00   0.148239131637645E+00   0.154280514848932E+00
   0.160584579630849E+00   0.167162774351409E+00   0.174027019052869E+00   0.181189655727358E+00
   0.188663499266533E+00   0.196461830579255E+00   0.204598382727513E+00   0.213087350757941E+00
   0.221943406879184E+00   0.231181675446483E+00   0.240817744001780E+00   0.250867611969287E+00
   0.261347714273375E+00   0.272274879997303E+00   0.283666332021311E+00   0.295539608010692E+00
   0.307912539650199E+00   0.320803248070646E+00   0.334230010029694E+00   0.348211241280935E+00
   0.362765402656417E+00   0.377910940390094E+00   0.393666143369182E+00   0.410049048905351E+00
   0.427077331281482E+00   0.444768145737158E+00   0.463137981244879E+00   0.482202426936294E+00
   0.501976106544190E+00   0.522472386696478E+00   0.543703128392923E+00   0.565678491204360E+00
   0.588406790928408E+00   0.611893865027070E+00   0.636143153269835E+00   0.661155530771684E+00
   0.686928420057890E+00   0.713455806968403E+00   0.740728138093112E+00   0.768731605833479E+00
   0.797448154279698E+00   0.826855003754231E+00   0.856924199146421E+00   0.887623224696097E+00
   0.918913259164178E+00   0.950750738076084E+00   0.983085719522767E+00   0.101586265235127E+01
   0.104902052492036E+01   0.108249221793250E+01   0.111620513193522E+01   0.115008134190920E+01
   0.118403795687010E+01   0.121798779576522E+01   0.125183897878212E+01   0.128549666976884E+01
   0.131886333538792E+01   0.135183890063253E+01   0.138432302762101E+01   0.141621424951031E+01
   0.144741205479982E+01   0.147781802116334E+01   0.150733544847415E+01   0.153587153810669E+01
   0.156333766029262E+01   0.158965020671187E+01   0.161473090641369E+01   0.163850774362073E+01
   0.166091546043177E+01   0.168189514066080E+01   0.170139507953999E+01   0.171936975356847E+01
   0.173578015494906E+01   0.175059362833606E+01   0.176378254334433E+01   0.177532454561398E+01
   0.178520185791779E+01   0.179340098895978E+01   0.179991224557738E+01   0.180473047617500E+01
   0.180785475270409E+01   0.180928848720236E+01   0.180903927653670E+01   0.180711898268858E+01
   0.180354378499074E+01   0.179833332067427E+01   0.179151187619648E+01   0.178310714291908E+01
   0.177315046327767E+01   0.176167688679677E+01   0.174872458241083E+01   0.173433514164955E+01
   0.171855310790438E+01   0.170142568282100E+01   0.168300284000301E+01   0.166333673949751E+01
   0.164248183973083E+01   0.162049488116467E+01   0.159743362430684E+01   0.157335808843007E+01
   0.154832907265736E+01   0.152240885946727E+01   0.149566006567887E+01   0.146814646280805E+01
   0.143993158536755E+01   0.141107952125774E+01   0.138165412200969E+01   0.135171901967992E+01
   0.132133744799502E+01   0.129057190902342E+01   0.125948405707955E+01   0.122813471383359E+01
   0.119658338467307E+01   0.116488826728205E+01   0.113310614410805E+01   0.110129225274117E+01
   0.106950006923253E+01   0.103778125670608E+01   0.100618540101395E+01   0.974760439904876E+00
   0.943551797443194E+00   0.912603051410442E+00   0.881955368615080E+00   0.851647916930225E+00
   0.821717165369535E+00   0.792197577761811E+00   0.763121260814075E+00   0.734517994375902E+00
   0.706415056261225E+00   0.678837602580991E+00   0.651808463534421E+00   0.625348128340432E+00
   0.599474898022448E+00   0.574204953340070E+00   0.549552316370552E+00   0.525528851111301E+00
   0.502144595707493E+00   0.479407488677909E+00   0.457323592757024E+00   0.435897231466730E+00
   0.415131061272404E+00   0.395025923576923E+00   0.375581218977661E+00   0.356794834198548E+00
   0.338663242781403E+00   0.321181601243498E+00   0.304343859945186E+00   0.288142780668044E+00
   0.272570105259241E+00   0.257616553807821E+00   0.243271972030460E+00   0.229525384876906E+00
   0.216365048294342E+00   0.203778596505976E+00   0.191753025593457E+00   0.180274855789856E+00
   0.169330127650452E+00   0.158904502974667E+00   0.148983335973147E+00   0.139551716727338E+00
   0.130594540486801E+00   0.122096548453212E+00   0.114042400900419E+00   0.106416708915141E+00
   0.992040914170918E-01   0.923892147344853E-01   0.859568211409059E-01   0.798917997250433E-01
   0.741791797644464E-01   0.688041936086833E-01   0.637522881346285E-01   0.590091653518830E-01
   0.545607880673824E-01   0.503934203033834E-01   0.464936327314648E-01   0.428483245675458E-01
   0.394447426287618E-01   0.362704840955399E-01   0.333135138739328E-01   0.305621723431816E-01
   0.280051815406397E-01   0.256316496075032E-01   0.234310734558655E-01   0.213933405427256E-01
   0.195087398837900E-01   0.177679416312618E-01   0.161620101597571E-01   0.146823994894459E-01
   0.133209457094990E-01   0.120698569914964E-01   0.109217215103799E-01   0.986948707151604E-02
   0.890646072441978E-02   0.802629934921385E-02   0.722299954376354E-02   0.649088960062057E-02
   0.582461924874032E-02   0.521915026772504E-02   0.466974451602267E-02   0.417195522804189E-02
   0.372161412682264E-02   0.331482207517160E-02   0.294793690806310E-02   0.261756262468687E-02
   0.232053803738880E-02   0.205392567483794E-02   0.181500097965334E-02   0.160124090715797E-02
   0.141031371030952E-02   0.124006804465981E-02   0.108852247858170E-02   0.953855866143008E-03
   0.834397214784417E-03   0.728616285655429E-03   0.635114489258212E-03   0.552615806925154E-03
   0.479958494556900E-03   0.416087050953737E-03   0.360044016566012E-03   0.310962901110852E-03
   0.268061089778457E-03   0.230633293653842E-03   0.198044832033677E-03   0.169726155423456E-03
   0.145167040583153E-03   0.123911454406257E-03   0.105552669037763E-03   0.897286531588234E-04
   0.761179834738974E-04   0.644357954934656E-04   0.544302753485461E-04   0.458792992946119E-04
   0.385873842212270E-04   0.323828759149961E-04   0.271153986061928E-04   0.226535460357612E-04
   0.188827268069251E-04   0.157032751975237E-04   0.130287035635328E-04   0.107841512700460E-04
   0.890497621932891E-05   0.733549743106044E-05   0.602787344897050E-05   0.494110684057971E-05
   0.404014862981148E-05   0.329511641573884E-05   0.268059741691046E-05   0.217503791555434E-05
   0.176020466708009E-05   0.142071582823480E-05   0.114362924756224E-05   0.918086344806524E-06
   0.735001008355523E-06   0.586792062631139E-06   0.467151729099830E-06   0.370846694795868E-06
   0.293547742490626E-06   0.231683908347924E-06   0.182318347865021E-06   0.143043036356519E-06
   0.111889459841230E-06   0.872532584614814E-07   0.678309564988260E-07   0.525668118367542E-07
   0.406084045893156E-07   0.312697110845062E-07   0.240003899224707E-07   0.183603823721386E-07
   0.139989827980247E-07   0.106376253042018E-07   0.805578854685607E-08   0.607950506787308E-08
   0.457200278688022E-08   0.342613007183135E-08   0.255823867426873E-08   0.190326275130938E-08
   0.141077287301948E-08   0.104182800960854E-08   0.766470507486533E-09   0.561739039032349E-09
   0.410102821363583E-09   0.298228247182045E-09   0.216013684972287E-09   0.155836273422218E-09
   0.111966647150396E-09   0.801160232959810E-10   0.570871197265616E-10   0.405062537079139E-10
   0.286185798335898E-10   0.201322700834474E-10   0.141004252062780E-10   0.983201711226143E-11
   0.682495043233695E-11   0.471604763732364E-11   0.324379702510223E-11   0.222075550062737E-11
   0.151319070140978E-11   0.102613977402072E-11   0.692489255148172E-12   0.465036015806932E-12
   0.310742190408704E-12   0.206598238907148E-12   0.136658938105515E-12   0.899304237826774E-13
   0.588713507804670E-13   0.383355225844711E-13   0.248296016004563E-13   0.159948311283925E-13
   0.102471067150657E-13   0.652836465440170E-14   0.413578993667066E-14   0.260514918772386E-14
   0.163153105295838E-14   0.101581601632957E-14   0.628723269176910E-15   0.386808722577641E-15
   0.236533301534088E-15   0.143752116621895E-15   0.868217081619283E-16   0.521075161810236E-16
   0.310738983063841E-16   0.184110821419594E-16   0.108371630061519E-16   0.633678039785553E-17
   0.368045950423629E-17   0.212314137019134E-17   0.121635947359062E-17   0.692011425520145E-18
   0.390926132866084E-18   0.219264037767450E-18   0.122093399784057E-18   0.674884228491901E-19
   0.370287000781629E-19   0.201641076333564E-19   0.108970671613272E-19   0.584370875606852E-20
   0.310937766750236E-20   0.164142706887785E-20   0.859586310729745E-21   0.446512168929842E-21
   0.230042722342261E-21   0.117535787354130E-21   0.595487245085651E-22   0.299136567245002E-22
   0.148975338098465E-22   0.735461212360331E-23   0.359880005500464E-23   0.174525845938708E-23
   0.838719256603049E-24   0.399372918851655E-24   0.188406250736638E-24   0.880472215648903E-25
   0.407556653667059E-25   0.186835729822594E-25   0.848161572320742E-26   0.381232691983205E-26
   0.169644720042010E-26   0.747264183162283E-27   0.325788562537238E-27   0.140562319720807E-27
   0.600089932247339E-28   0.253466257623904E-28   0.105906292906669E-28   0.437685208286692E-29
   0.178887626983988E-29   0.722963382947144E-30   0.288873807479488E-30   0.114102066652271E-30
   0.445460386923966E-31   0.171866388058597E-31   0.655200611667443E-32   0.246770606719774E-32
   0.918082902174439E-33   0.337343534515204E-33   0.122404305256224E-33   0.438516436559086E-34
   0.155085046541390E-34   0.541349917619588E-35   0.186482717184532E-35   0.633838922440473E-36
   0.212532547710303E-36   0.702916489226920E-37   0.229265307957297E-37   0.737314776484415E-38
   0.233759950737672E-38   0.730485457196085E-39   0.224956176710741E-39   0.682572680230901E-40
   0.204024855179392E-40   0.600645290947270E-41   0.174128759341303E-41   0.496999239159988E-42
   0.139633066721688E-42   0.386083712906801E-43   0.105038256228499E-43   0.281123761593604E-44
   0.740016769644973E-45   0.191552777496808E-45   0.487467749473464E-46   0.121932766197936E-46
   0.299721199762767E-47   0.723837610474173E-48   0.171709527240407E-48   0.400017523865723E-49
   0.914946290928691E-50   0.205420215089830E-50   0.452606483630237E-51   0.978417138398786E-52
   0.207459538943408E-52   0.431447352789485E-53   0.881302296143379E-54   0.176457912808737E-54
   0.346232045777698E-55   0.665568695926180E-56
 </PP_RHOATOM>
</UPF>
